context	target	target_logprob	best_target_variation	tokens	ctx_polarity	tgt_polarity
A cat is an	animal	-0.69397545	Ġanimal	['animal', 'intelligent', 'excellent', 'omn', 'interesting']	aff	aff
A cat is a	machine	-7.826766	Ġmachine	['cat', 'carniv', 'small', 'f', '']	aff	neg
A cat is not a	machine	-6.729555	Ġmachine	['dog', 'cat', 'mouse', 'bird', 'rabbit']	neg	neg
A cat is not an	animal	-0.87265396	Ġanimal	['animal', 'insect', 'object', 'elephant', 'egg']	neg	aff
A computer is a	machine	-2.4663296	Ġmachine	['device', 'machine', 'special', 'type', 'digital']	aff	aff
A computer is a	person	-9.792244	Ġperson	['device', 'machine', 'special', 'type', 'digital']	aff	neg
A computer is not a	person	-4.2250214	Ġperson	['machine', 'device', 'single', 'computer', 'physical']	neg	neg
A computer is not a	machine	-1.95014	Ġmachine	['machine', 'device', 'single', 'computer', 'physical']	neg	aff
A book is a	text	-6.1114874	Ġtext	['good', 'rectangular', '', 'collection', 'book']	aff	aff
A book is a	person	-8.242612	Ġperson	['good', 'rectangular', '', 'collection', 'book']	aff	neg
A book is not a	person	-4.6468916	Ġperson	['book', 'single', 'good', 'thing', 'collection']	neg	neg
A book is not a	text	-5.215437	Ġtext	['book', 'single', 'good', 'thing', 'collection']	neg	aff
A dog is an	animal	-0.8272743	Ġanimal	['animal', 'intelligent', 'example', 'excellent', 'old']	aff	aff
A dog is a	plant	-8.896372	Ġplant	['dog', 'member', 'special', 'man', '']	aff	neg
A dog is not a	plant	-6.189062	Ġplant	['dog', 'cat', 'human', 'bird', 'person']	neg	neg
A dog is not an	animal	-0.9355278	Ġanimal	['animal', 'elephant', 'object', 'insect', 'ant']	neg	aff
A monkey is an	animal	-0.79083633	Ġanimal	['animal', 'insect', 'intelligent', 'object', 'example']	aff	aff
A monkey is a	toy	-8.110374	Ġtoy	['small', 'monkey', 'type', 'kind', 'creature']	aff	neg
A monkey is not a	toy	-6.832754	Ġtoy	['monkey', 'bird', 'person', 'cat', 'dog']	neg	neg
A monkey is not an	animal	-0.9220753	Ġanimal	['animal', 'insect', 'apple', 'object', 'ape']	neg	aff
A rabbit is an	animal	-0.89650536	Ġanimal	['animal', 'important', 'old', 'excellent', 'example']	aff	aff
A rabbit is a	plant	-7.784814	Ġplant	['rabbit', 'very', 'member', 'kind', 'small']	aff	neg
A rabbit is not a	plant	-5.141122	Ġplant	['rabbit', 'dog', 'cat', 'bird', 'fox']	neg	neg
A rabbit is not an	animal	-0.6573601	Ġanimal	['animal', 'ant', 'insect', 'elephant', 'enemy']	neg	aff
A human is a	mammal	-5.234234	Ġmamm	['living', 'person', 'being', 'creature', 'complex']	aff	aff
A human is a	device	-5.8235607	Ġdevice	['living', 'person', 'being', 'creature', 'complex']	aff	neg
A human is not a	device	-6.27602	Ġdevice	['machine', 'computer', 'robot', 'perfect', 'single']	neg	neg
A human is not a	mammal	-6.4341927	Ġmamm	['machine', 'computer', 'robot', 'perfect', 'single']	neg	aff
A laptop is a	device	-2.659771	Ġdevice	['computer', 'portable', 'device', 'laptop', 'personal']	aff	aff
A laptop is a	toy	-8.804291	Ġtoy	['computer', 'portable', 'device', 'laptop', 'personal']	aff	neg
A laptop is not a	toy	-3.8252325	Ġtoy	['computer', 'laptop', 'good', 'phone', 'toy']	neg	neg
A laptop is not a	device	-4.0570335	Ġdevice	['computer', 'laptop', 'good', 'phone', 'toy']	neg	aff
An earphone is a	device	-1.1880722	Ġdevice	['device', 'small', 'type', 'piece', 'portable']	aff	aff
An earphone is a	toy	-6.93017	Ġtoy	['device', 'small', 'type', 'piece', 'portable']	aff	neg
An earphone is not a	toy	-5.128605	Ġtoy	['phone', 'device', 'part', 'good', 'microphone']	neg	neg
An earphone is not a	device	-3.1514835	Ġdevice	['phone', 'device', 'part', 'good', 'microphone']	neg	aff
A book is a	creation	-9.996241	Ġcreation	['good', 'rectangular', '', 'collection', 'book']	aff	aff
A book is an	utensil	-15.727489	Ġutens	['example', 'object', 'excellent', 'interesting', 'expensive']	aff	neg
A book is not an	utensil	-12.640997	Ġutens	['object', 'easy', 'ordinary', 'encyclopedia', 'item']	neg	neg
A book is not a	creation	-9.472739	Ġcreation	['book', 'single', 'good', 'thing', 'collection']	neg	aff
A house is a	building	-2.3227062	Ġbuilding	['building', 'place', '', 'house', 'good']	aff	aff
A house is a	plant	-10.506811	Ġplant	['building', 'place', '', 'house', 'good']	aff	neg
A house is not a	plant	-7.913748	Ġplant	['house', 'place', 'building', 'home', 'single']	neg	neg
A house is not a	building	-3.0048714	Ġbuilding	['house', 'place', 'building', 'home', 'single']	neg	aff
A school is a	building	-4.0257397	Ġbuilding	['place', 'group', 'building', 'city', 'large']	aff	aff
A school is a	toy	-8.902192	Ġtoy	['place', 'group', 'building', 'city', 'large']	aff	neg
A school is not a	toy	-7.115711	Ġtoy	['place', 'physical', 'perfect', 'building', 'good']	neg	neg
A school is not a	building	-4.288725	Ġbuilding	['place', 'physical', 'perfect', 'building', 'good']	neg	aff
A phone is a	device	-2.3311367	Ġdevice	['device', 'piece', 'phone', 'mobile', 'small']	aff	aff
A phone is a	rock	-9.326948	Ġrock	['device', 'piece', 'phone', 'mobile', 'small']	aff	neg
A phone is not a	rock	-7.4487267	Ġrock	['phone', 'smartphone', 'good', 'toy', 'device']	neg	neg
A phone is not a	device	-4.023279	Ġdevice	['phone', 'smartphone', 'good', 'toy', 'device']	neg	aff
A fork is an	utensil	-7.63929	Ġutens	['essential', 'instrument', 'important', 'object', 'extension']	aff	aff
A fork is a	knife	-5.00482	Ġknife	['tool', 'device', 'type', 'common', 'fork']	aff	neg
A fork is not a	knife	-3.8619528	Ġknife	['fork', 'tool', 'knife', 'screw', 'part']	neg	neg
A fork is not an	utensil	-8.57008	Ġutens	['object', 'instrument', 'ideal', 'essential', 'extension']	neg	aff
A knife is a	tool	-1.7471848	Ġtool	['tool', 'sharp', 'common', 'cutting', 'small']	aff	aff
A knife is a	fruit	-8.461957	Ġfruit	['tool', 'sharp', 'common', 'cutting', 'small']	aff	neg
A knife is not a	fruit	-6.341872	Ġfruit	['weapon', 'tool', 'knife', '______', 'good']	neg	neg
A knife is not a	tool	-2.2759914	Ġtool	['weapon', 'tool', 'knife', '______', 'good']	neg	aff
A boat is a	vehicle	-5.262582	Ġvehicle	['vessel', 'boat', 'moving', 'floating', 'rectangular']	aff	aff
A boat is a	mammal	-10.6809225	ĠM	['vessel', 'boat', 'moving', 'floating', 'rectangular']	aff	neg
A boat is not a	mammal	-8.374717	Ġmamm	['ship', 'boat', 'machine', 'vessel', 'person']	neg	neg
A boat is not a	vehicle	-4.0422773	Ġvehicle	['ship', 'boat', 'machine', 'vessel', 'person']	neg	aff
A grape is a	fruit	-1.7747917	Ġfruit	['fruit', 'grape', 'berry', 'type', 'small']	aff	aff
A grape is a	vegetable	-6.267043	Ġvegetable	['fruit', 'grape', 'berry', 'type', 'small']	aff	neg
A grape is not a	vegetable	-4.869478	Ġvegetable	['grape', 'fruit', 'berry', 'single', 'type']	neg	neg
A grape is not a	fruit	-2.31643	Ġfruit	['grape', 'fruit', 'berry', 'single', 'type']	neg	aff
A pigeon is a	bird	-1.8109646	Ġbird	['bird', 'small', 'pigeon', 'type', 'very']	aff	aff
A pigeon is a	plant	-10.209487	Ġplant	['bird', 'small', 'pigeon', 'type', 'very']	aff	neg
A pigeon is not a	plant	-7.107894	Ġplant	['bird', 'pigeon', 'dog', 'bad', 'rabbit']	neg	neg
A pigeon is not a	bird	-1.3550339	Ġbird	['bird', 'pigeon', 'dog', 'bad', 'rabbit']	neg	aff
A spoon is an	utensil	-5.8157206	Ġutens	['essential', 'object', 'instrument', 'important', 'indispensable']	aff	aff
A spoon is a	reptile	-13.266976	Ġrept	['small', 'tool', 'utens', 'spoon', 'common']	aff	neg
A spoon is not a	reptile	-12.540102	Ġrept	['spoon', 'tool', 'utens', 'bowl', 'good']	neg	neg
A spoon is not an	utensil	-6.5144024	Ġutens	['object', 'instrument', 'item', 'essential', 'ideal']	neg	aff
A person is a	mammal	-7.758109	Ġmamm	['person', 'single', '', 'citizen', 'good']	aff	aff
A person is a	reptile	-11.72401	Ġrept	['person', 'single', '', 'citizen', 'good']	aff	neg
A person is not a	reptile	-10.783051	Ġrept	['person', 'robot', 'slave', 'machine', 'man']	neg	neg
A person is not a	mammal	-8.124554	Ġmamm	['person', 'robot', 'slave', 'machine', 'man']	neg	aff
A fig is a	tree	-4.8468943	Ġtree	['fruit', 'small', 'type', 'sweet', 'kind']	aff	aff
A fig is a	mineral	-12.67042	Ġmineral	['fruit', 'small', 'type', 'sweet', 'kind']	aff	neg
A fig is not a	mineral	-8.566648	Ġmineral	['fruit', 'fig', 'tree', 'vegetable', 'plant']	neg	neg
A fig is not a	tree	-3.6584806	Ġtree	['fruit', 'fig', 'tree', 'vegetable', 'plant']	neg	aff
A rock is a	mineral	-7.270129	Ġmineral	['sphere', 'solid', '', 'ball', 'cube']	aff	aff
A rock is a	vegetable	-10.743715	Ġvegetable	['sphere', 'solid', '', 'ball', 'cube']	aff	neg
A rock is not a	vegetable	-8.581091	Ġvegetable	['solid', 'perfect', 'ball', 'sphere', 'rock']	neg	neg
A rock is not a	mineral	-6.200197	Ġmineral	['solid', 'perfect', 'ball', 'sphere', 'rock']	neg	aff
A book is a	publication	-5.6537485	Ġpublication	['good', 'rectangular', '', 'collection', 'book']	aff	aff
A book is a	mammal	-10.013414	ĠM	['good', 'rectangular', '', 'collection', 'book']	aff	neg
A book is not a	mammal	-9.746346	ĠM	['book', 'single', 'good', 'thing', 'collection']	neg	neg
A book is not a	publication	-7.8360186	Ġpublication	['book', 'single', 'good', 'thing', 'collection']	neg	aff
A bee is an	insect	-0.3636341	Ġinsect	['insect', 'animal', 'ant', 'organism', 'interesting']	aff	aff
A bee is a	mammal	-8.89885	Ġmamm	['bee', 'small', 'tiny', 'little', 'flying']	aff	neg
A bee is not a	mammal	-7.53918	Ġmamm	['bee', 'bug', 'bird', 'fly', 'person']	neg	neg
A bee is not an	insect	-0.7113857	Ġinsect	['insect', 'ant', 'animal', 'object', 'apple']	neg	aff
A cat is a	mammal	-4.162814	Ġmamm	['cat', 'carniv', 'small', 'f', '']	aff	aff
A cat is a	reptile	-6.670685	Ġrept	['cat', 'carniv', 'small', 'f', '']	aff	neg
A cat is not a	reptile	-7.223737	Ġrept	['dog', 'cat', 'mouse', 'bird', 'rabbit']	neg	neg
A cat is not a	mammal	-5.3712606	Ġmamm	['dog', 'cat', 'mouse', 'bird', 'rabbit']	neg	aff
A snake is a	reptile	-2.2556248	Ġrept	['rept', 'snake', 'type', 'kind', 'carniv']	aff	aff
A snake is a	mammal	-6.958333	Ġmamm	['rept', 'snake', 'type', 'kind', 'carniv']	aff	neg
A snake is not a	mammal	-4.4812317	Ġmamm	['snake', 'lizard', 'fish', 'living', 'dog']	neg	neg
A snake is not a	reptile	-3.8608503	Ġrept	['snake', 'lizard', 'fish', 'living', 'dog']	neg	aff
A donkey is an	animal	-0.7498722	Ġanimal	['animal', 'example', 'important', 'ancient', 'object']	aff	aff
A donkey is a	person	-5.8116865	Ġperson	['small', 'type', 'very', 'large', 'domestic']	aff	neg
A donkey is not a	person	-3.7019444	Ġperson	['horse', 'dog', 'good', 'don', 'real']	neg	neg
A donkey is not an	animal	-0.5886154	Ġanimal	['animal', 'object', 'insect', 'example', 'elephant']	neg	aff
A squirrel is an	animal	-0.9433384	Ġanimal	['animal', 'old', 'insect', '', 'ant']	aff	aff
A squirrel is a	mineral	-8.981835	min	['squirrel', '', 'certain', 'small', 'cute']	aff	neg
A squirrel is not a	mineral	-10.4300995	Ġmineral	['squirrel', 'bird', 'dog', 'rabbit', 'bad']	neg	neg
A squirrel is not an	animal	-0.97211456	Ġanimal	['animal', 'insect', 'ant', 'elephant', 'ordinary']	neg	aff
A cobra is a	reptile	-3.728572	Ġrept	['venom', 'poisonous', 'type', 'large', 'snake']	aff	aff
A cobra is a	mineral	-12.142071	Ġmineral	['venom', 'poisonous', 'type', 'large', 'snake']	aff	neg
A cobra is not a	mineral	-9.958424	Ġmineral	['snake', 'lizard', 'dinosaur', 'good', 'rept']	neg	neg
A cobra is not a	reptile	-4.2132053	Ġrept	['snake', 'lizard', 'dinosaur', 'good', 'rept']	neg	aff
A turtle is a	reptile	-4.0553017	Ġrept	['turtle', 'type', '', 'kind', 'very']	aff	aff
A turtle is a	bird	-7.604663	Ġbird	['turtle', 'type', '', 'kind', 'very']	aff	neg
A turtle is not a	bird	-3.4122467	Ġbird	['turtle', 'bird', 'fish', 'snake', 'good']	neg	neg
A turtle is not a	reptile	-4.5874996	Ġrept	['turtle', 'bird', 'fish', 'snake', 'good']	neg	aff
A bird is an	animal	-2.450594	Ġanimal	['insect', 'animal', 'example', 'eagle', 'object']	aff	aff
A bird is a	mineral	-10.349938	Ġmineral	['bird', 'type', 'good', 'flying', '']	aff	neg
A bird is not a	mineral	-9.103251	Ġmineral	['bird', 'person', 'fish', 'dog', 'human']	neg	neg
A bird is not an	animal	-1.3738937	Ġanimal	['animal', 'insect', 'object', 'egg', 'airplane']	neg	aff
A car is a	vehicle	-2.8404694	Ġvehicle	['vehicle', 'machine', 'moving', '', 'good']	aff	aff
A car is a	bush	-11.76834	Ġbush	['vehicle', 'machine', 'moving', '', 'good']	aff	neg
A car is not a	bush	-10.235549	Ġbush	['machine', 'car', 'person', 'vehicle', 'good']	neg	neg
A car is not a	vehicle	-3.2511854	Ġvehicle	['machine', 'car', 'person', 'vehicle', 'good']	neg	aff
A rose is a	flower	-1.4814873	Ġflower	['flower', 'rose', 'plant', 'beautiful', 'symbol']	aff	aff
A rose is a	weed	-8.943752	Ġweed	['flower', 'rose', 'plant', 'beautiful', 'symbol']	aff	neg
A rose is not a	weed	-8.638966	Ġweed	['rose', 'flower', 'plant', 'tree', 'person']	neg	neg
A rose is not a	flower	-3.9826775	Ġflower	['rose', 'flower', 'plant', 'tree', 'person']	neg	aff
A lily is a	flower	-2.3434324	Ġflower	['flower', 'beautiful', 'type', 'plant', 'small']	aff	aff
A lily is a	tree	-7.9743633	Ġtree	['flower', 'beautiful', 'type', 'plant', 'small']	aff	neg
A lily is not a	tree	-5.930971	Ġtree	['l', 'flower', 'rose', 'plant', 'lot']	neg	neg
A lily is not a	flower	-2.0611677	Ġflower	['l', 'flower', 'rose', 'plant', 'lot']	neg	aff
A daisy is a	flower	-1.655426	Ġflower	['flower', 'type', 'plant', 'common', 'd']	aff	aff
A daisy is a	tree	-9.025494	Ġtree	['flower', 'type', 'plant', 'common', 'd']	aff	neg
A daisy is not a	tree	-5.6456623	Ġtree	['flower', 'd', 'rose', 'plant', 'dog']	neg	neg
A daisy is not a	flower	-1.3847771	Ġflower	['flower', 'd', 'rose', 'plant', 'dog']	neg	aff
A tulip is a	flower	-1.2953014	Ġflower	['flower', 'type', 'plant', 'd', 'bulb']	aff	aff
A tulip is a	tree	-8.357307	Ġtree	['flower', 'type', 'plant', 'd', 'bulb']	aff	neg
A tulip is not a	tree	-4.587839	Ġtree	['tul', 'flower', 'rose', 'plant', 'single']	neg	neg
A tulip is not a	flower	-2.6520004	Ġflower	['tul', 'flower', 'rose', 'plant', 'single']	neg	aff
A snake is an	animal	-1.1258907	Ġanimal	['animal', 'insect', 'interesting', 'in', 'organism']	aff	aff
A snake is a	toy	-9.528957	Ġtoy	['rept', 'snake', 'type', 'kind', 'carniv']	aff	neg
A snake is not a	toy	-6.53004	Ġtoy	['snake', 'lizard', 'fish', 'living', 'dog']	neg	neg
A snake is not an	animal	-1.1137848	Ġanimal	['animal', 'insect', 'amphib', 'organism', 'object']	neg	aff
A crocodile is an	animal	-1.5938454	Ġanimal	['animal', 'amphib', 'aquatic', 'amazing', 'ancient']	aff	aff
A crocodile is a	mammal	-5.2634296	Ġmamm	['rept', 'large', 'carniv', 'very', 'type']	aff	neg
A crocodile is not a	mammal	-4.417365	Ġmamm	['cro', 'fish', 'turtle', 'rept', 'good']	neg	neg
A crocodile is not an	animal	-1.3059368	Ġanimal	['animal', 'amphib', 'island', 'insect', 'enemy']	neg	aff
A mice is a	rodent	-4.380907	Ġrod	['small', 'mouse', 'type', 'member', 'very']	aff	aff
A mice is a	toy	-7.1889896	Ġtoy	['small', 'mouse', 'type', 'member', 'very']	aff	neg
A mice is not a	toy	-6.18676	Ġtoy	['mouse', 'cat', 'real', 'rat', 'small']	neg	neg
A mice is not a	rodent	-6.0537214	Ġrod	['mouse', 'cat', 'real', 'rat', 'small']	neg	aff
A horse is an	animal	-1.0363846	Ġanimal	['animal', 'equ', 'example', 'object', 'important']	aff	aff
A horse is a	person	-5.104583	Ġperson	['', 'horse', 'good', 'four', 'man']	aff	neg
A horse is not a	person	-2.5492954	Ġperson	['horse', 'person', 'man', 'dog', 'real']	neg	neg
A horse is not an	animal	-1.2252712	Ġanimal	['animal', 'object', 'elephant', 'airplane', 'automobile']	neg	aff
A mouse is an	animal	-1.0142803	Ġanimal	['animal', 'insect', 'organism', 'intelligent', 'important']	aff	aff
A mouse is a	toy	-7.1928577	Ġtoy	['small', 'mouse', 'type', 'very', 'creature']	aff	neg
A mouse is not a	toy	-6.1109037	Ġtoy	['mouse', 'cat', 'dog', 'computer', 'good']	neg	neg
A mouse is not an	animal	-0.96063805	Ġanimal	['animal', 'insect', 'object', 'organism', 'actual']	neg	aff
A salmon is a	fish	-1.5851021	Ġfish	['fish', 'type', 'small', 'salmon', 'cold']	aff	aff
A salmon is a	fruit	-9.317335	Ġfruit	['fish', 'type', 'small', 'salmon', 'cold']	aff	neg
A salmon is not a	fruit	-5.919401	Ġfruit	['fish', 'salmon', 'bird', 'trout', 'shark']	neg	neg
A salmon is not a	fish	-1.699008	Ġfish	['fish', 'salmon', 'bird', 'trout', 'shark']	neg	aff
A carrot is a	vegetable	-2.5509949	Ġvegetable	['vegetable', 'type', 'carrot', 'member', 'good']	aff	aff
A carrot is a	mineral	-8.763981	Ġmineral	['vegetable', 'type', 'carrot', 'member', 'good']	aff	neg
A carrot is not a	mineral	-7.3097744	Ġmineral	['vegetable', 'carrot', 'fruit', 'plant', 'good']	neg	neg
A carrot is not a	vegetable	-1.7426014	Ġvegetable	['vegetable', 'carrot', 'fruit', 'plant', 'good']	neg	aff
A table is a	furniture	-8.952508	Ġfurniture	['rectangular', 'collection', 'rectangle', '', 'set']	aff	aff
A table is a	toy	-10.331688	Ġtoy	['rectangular', 'collection', 'rectangle', '', 'set']	aff	neg
A table is not a	toy	-6.5241747	Ġtoy	['table', 'square', 'rectangle', 'good', 'part']	neg	neg
A table is not a	furniture	-5.9901495	Ġfurniture	['table', 'square', 'rectangle', 'good', 'part']	neg	aff
A rabbit is a	mammal	-6.451083	Ġmamm	['rabbit', 'very', 'member', 'kind', 'small']	aff	aff
A rabbit is a	bird	-6.3166485	Ġbird	['rabbit', 'very', 'member', 'kind', 'small']	aff	neg
A rabbit is not a	bird	-3.3133097	Ġbird	['rabbit', 'dog', 'cat', 'bird', 'fox']	neg	neg
A rabbit is not a	mammal	-5.356286	Ġmamm	['rabbit', 'dog', 'cat', 'bird', 'fox']	neg	aff
A dog is a	mammal	-6.4993677	Ġmamm	['dog', 'member', 'special', 'man', '']	aff	aff
A dog is a	fish	-9.7396755	Ġfish	['dog', 'member', 'special', 'man', '']	aff	neg
A dog is not a	fish	-5.3610144	Ġfish	['dog', 'cat', 'human', 'bird', 'person']	neg	neg
A dog is not a	mammal	-6.008013	Ġmamm	['dog', 'cat', 'human', 'bird', 'person']	neg	aff
A deer is an	animal	-0.5041065	Ġanimal	['animal', 'example', 'adult', 'odd', 'old']	aff	aff
A deer is a	plant	-7.2463837	Ġplant	['deer', '', 'big', 'small', 'member']	aff	neg
A deer is not a	plant	-5.7129593	Ġplant	['deer', 'rabbit', 'dog', 'horse', 'bird']	neg	neg
A deer is not an	animal	-0.597456	Ġanimal	['animal', 'elephant', 'ant', 'object', 'apple']	neg	aff
A whale is a	mammal	-2.5686588	Ġmamm	['large', 'mamm', 'huge', 'big', 'massive']	aff	aff
A whale is a	reptile	-8.880376	Ġrept	['large', 'mamm', 'huge', 'big', 'massive']	aff	neg
A whale is not a	reptile	-8.106837	Ġrept	['whale', 'person', 'fish', 'single', 'shark']	neg	neg
A whale is not a	mammal	-4.072238	Ġmamm	['whale', 'person', 'fish', 'single', 'shark']	neg	aff
A desk is a	furniture	-4.690588	Ġfurniture	['piece', 'desk', 'small', 'table', 'place']	aff	aff
A desk is a	toy	-8.742739	Ġtoy	['piece', 'desk', 'small', 'table', 'place']	aff	neg
A desk is not a	toy	-7.5015	Ġtoy	['desk', 'table', 'piece', 'place', 'chair']	neg	neg
A desk is not a	furniture	-7.4241676	Ġfurniture	['desk', 'table', 'piece', 'place', 'chair']	neg	aff
A bicycle is a	vehicle	-3.033001	Ġvehicle	['two', 'simple', 'vehicle', 'bicycle', 'common']	aff	aff
A bicycle is a	toy	-7.248287	Ġtoy	['two', 'simple', 'vehicle', 'bicycle', 'common']	aff	neg
A bicycle is not a	toy	-3.5096006	Ġtoy	['car', 'bicycle', 'vehicle', 'machine', 'toy']	neg	neg
A bicycle is not a	vehicle	-2.9736385	Ġvehicle	['car', 'bicycle', 'vehicle', 'machine', 'toy']	neg	aff
A bat is a	mammal	-1.7321167	Ġmamm	['mamm', 'bat', 'type', 'flying', 'large']	aff	aff
A bat is a	reptile	-7.771862	Ġrept	['mamm', 'bat', 'type', 'flying', 'large']	aff	neg
A bat is not a	reptile	-7.446986	Ġrept	['bird', 'dog', 'bat', 'mamm', 'cat']	neg	neg
A bat is not a	mammal	-3.0466528	Ġmamm	['bird', 'dog', 'bat', 'mamm', 'cat']	neg	aff
A cloud is a	gas	-8.290663	Ġgas	['collection', 'network', 'large', 'cloud', 'virtual']	aff	aff
A cloud is a	liquid	-7.3222866	Ġliquid	['collection', 'network', 'large', 'cloud', 'virtual']	aff	neg
A cloud is not a	liquid	-6.407771	Ġliquid	['single', 'cloud', 'physical', 'thing', 'collection']	neg	neg
A cloud is not a	gas	-6.4903975	Ġgas	['single', 'cloud', 'physical', 'thing', 'collection']	neg	aff
An Apple is a	fruit	-2.5030785	Ġfruit	['fruit', 'type', 'kind', 'good', 'symbol']	aff	aff
An Apple is a	vegetable	-6.380761	Ġvegetable	['fruit', 'type', 'kind', 'good', 'symbol']	aff	neg
An Apple is not a	vegetable	-4.844014	Ġvegetable	['fruit', 'dog', 'good', 'computer', 'banana']	neg	neg
An Apple is not a	fruit	-2.958211	Ġfruit	['fruit', 'dog', 'good', 'computer', 'banana']	neg	aff
A toy is a	plaything	-5.8420544	Ġplay	['small', 'toy', 'piece', 'device', 'type']	aff	aff
A toy is a	food	-8.756231	Ġfood	['small', 'toy', 'piece', 'device', 'type']	aff	neg
A toy is not a	food	-6.946232	Ġfood	['toy', 'real', 'good', 'product', 'machine']	neg	neg
A toy is not a	plaything	-6.681341	Ġplay	['toy', 'real', 'good', 'product', 'machine']	neg	aff
A human is a	mammal	-5.234234	Ġmamm	['living', 'person', 'being', 'creature', 'complex']	aff	aff
A human is a	fish	-7.8626204	Ġfish	['living', 'person', 'being', 'creature', 'complex']	aff	neg
A human is not a	fish	-5.6825256	Ġfish	['machine', 'computer', 'robot', 'perfect', 'single']	neg	neg
A human is not a	mammal	-6.4341927	Ġmamm	['machine', 'computer', 'robot', 'perfect', 'single']	neg	aff
A hummingbird is a	bird	-1.4350586	Ġbird	['bird', 'small', 'type', 'tiny', 'unique']	aff	aff
A hummingbird is a	mammal	-7.1634502	Ġmamm	['bird', 'small', 'type', 'tiny', 'unique']	aff	neg
A hummingbird is not a	mammal	-4.430229	Ġmamm	['bird', 'humming', 'true', 'real', 'human']	neg	neg
A hummingbird is not a	bird	-1.3651657	Ġbird	['bird', 'humming', 'true', 'real', 'human']	neg	aff
A cauliflower is a	vegetable	-2.7021856	Ġvegetable	['type', 'vegetable', 'plant', 'member', 'small']	aff	aff
A cauliflower is a	fruit	-8.482082	Ġfruit	['type', 'vegetable', 'plant', 'member', 'small']	aff	neg
A cauliflower is not a	fruit	-5.3941507	Ġfruit	['cauliflower', 'vegetable', 'plant', 'cabbage', 'type']	neg	neg
A cauliflower is not a	vegetable	-2.6765509	Ġvegetable	['cauliflower', 'vegetable', 'plant', 'cabbage', 'type']	neg	aff
A turnip is a	vegetable	-2.6032915	Ġvegetable	['type', 'vegetable', 'member', 'small', 'common']	aff	aff
A turnip is a	mineral	-10.278611	Ġmineral	['type', 'vegetable', 'member', 'small', 'common']	aff	neg
A turnip is not a	mineral	-8.044514	Ġmineral	['vegetable', 'turn', 'plant', 'potato', 'carrot']	neg	neg
A turnip is not a	vegetable	-1.5226727	Ġvegetable	['vegetable', 'turn', 'plant', 'potato', 'carrot']	neg	aff
A yam is a	vegetable	-3.7924128	Ġvegetable	['type', 'kind', 'tub', 'large', 'small']	aff	aff
A yam is a	grain	-6.311882	Ġgrain	['type', 'kind', 'tub', 'large', 'small']	aff	neg
A yam is not a	grain	-6.672491	Ġgrain	['vegetable', 'y', 'potato', 'fruit', 'banana']	neg	neg
A yam is not a	vegetable	-2.4050426	Ġvegetable	['vegetable', 'y', 'potato', 'fruit', 'banana']	neg	aff
A truck is a	vehicle	-2.6924381	Ġvehicle	['vehicle', 'big', 'large', '', 'moving']	aff	aff
A truck is a	toy	-7.210454	Ġtoy	['vehicle', 'big', 'large', '', 'moving']	aff	neg
A truck is not a	toy	-4.547858	Ġtoy	['car', 'vehicle', 'good', 'truck', 'machine']	neg	neg
A truck is not a	vehicle	-2.4864292	Ġvehicle	['car', 'vehicle', 'good', 'truck', 'machine']	neg	aff
A lamp is a	light	-3.14781	Ġlight	['light', 'device', '', 'lamp', 'good']	aff	aff
A lamp is a	clock	-8.843929	Ġclock	['light', 'device', '', 'lamp', 'good']	aff	neg
A lamp is not a	clock	-6.335799	Ġclock	['lamp', 'light', 'good', 'thing', 'device']	neg	neg
A lamp is not a	light	-3.1441154	Ġlight	['lamp', 'light', 'good', 'thing', 'device']	neg	aff
A cycle is a	vehicle	-2.9626474	Ġvehicle	['two', 'simple', 'vehicle', 'device', 'bicycle']	aff	aff
A cycle is a	toy	-7.667227	Ġtoy	['two', 'simple', 'vehicle', 'device', 'bicycle']	aff	neg
A cycle is not a	toy	-4.3573093	Ġtoy	['bicycle', 'car', 'vehicle', 'machine', 'bike']	neg	neg
A cycle is not a	vehicle	-2.8219948	Ġvehicle	['bicycle', 'car', 'vehicle', 'machine', 'bike']	neg	aff
A crow is a	bird	-1.6470604	Ġbird	['bird', 'type', 'small', 'crow', 'member']	aff	aff
A crow is a	vehicle	-14.358915	Ġvehicle	['bird', 'type', 'small', 'crow', 'member']	aff	neg
A crow is not a	vehicle	-11.2204685	Ġvehicle	['bird', 'crow', 'pigeon', 'duck', 'chicken']	neg	neg
A crow is not a	bird	-1.6098099	Ġbird	['bird', 'crow', 'pigeon', 'duck', 'chicken']	neg	aff
A pencil is a	tool	-4.413109	Ġtool	['good', 'rectangular', 'very', 'cylindrical', 'common']	aff	aff
A pencil is a	tree	-9.219903	Ġtree	['good', 'rectangular', 'very', 'cylindrical', 'common']	aff	neg
A pencil is not a	tree	-6.104622	Ġtree	['pencil', 'good', 'pen', 'straight', 'stick']	neg	neg
A pencil is not a	tool	-4.112299	Ġtool	['pencil', 'good', 'pen', 'straight', 'stick']	neg	aff
A snowflake is a	crystal	-3.5980272	Ġcrystal	['shape', 'very', 'fract', 'perfect', 'geometric']	aff	aff
A snowflake is a	liquid	-9.636957	Ġliquid	['shape', 'very', 'fract', 'perfect', 'geometric']	aff	neg
A snowflake is not a	liquid	-7.3699913	Ġliquid	['perfect', 'sphere', 'snow', 'triangle', 'regular']	neg	neg
A snowflake is not a	crystal	-4.172967	Ġcrystal	['perfect', 'sphere', 'snow', 'triangle', 'regular']	neg	aff
A pearl is a	gem	-2.9204826	Ġgem	['small', 'gem', 'round', 'hard', 'stone']	aff	aff
A pearl is a	fruit	-8.055918	Ġfruit	['small', 'gem', 'round', 'hard', 'stone']	aff	neg
A pearl is not a	fruit	-5.357046	Ġfruit	['pearl', 'gem', 'stone', 'single', 'perfect']	neg	neg
A pearl is not a	gem	-3.5178366	Ġgem	['pearl', 'gem', 'stone', 'single', 'perfect']	neg	aff
A fish is an	animal	-1.5321293	Ġanimal	['animal', 'aquatic', 'object', 'organism', 'ideal']	aff	aff
A fish is a	human	-6.4525576	Ġhuman	['fish', 'small', 'swimming', '', 'type']	aff	neg
A fish is not a	human	-4.5353746	Ġhuman	['fish', 'bird', 'person', 'shark', 'cat']	neg	neg
A fish is not an	animal	-1.0087757	Ġanimal	['animal', 'object', 'insect', 'organism', 'island']	neg	aff
A mountain is a	landform	-5.2907352	Ġland	['', 'hill', 'rectangular', 'square', 'mountain']	aff	aff
A mountain is a	building	-5.48954	Ġbuilding	['', 'hill', 'rectangular', 'square', 'mountain']	aff	neg
A mountain is not a	building	-6.099387	Ġbuilding	['mountain', 'hill', 'single', 'place', 'peak']	neg	neg
A mountain is not a	landform	-5.6916313	Ġland	['mountain', 'hill', 'single', 'place', 'peak']	neg	aff
A university is a	school	-3.6908836	Ġschool	['place', 'large', 'public', 'group', 'university']	aff	aff
A university is a	person	-6.5978527	Ġperson	['place', 'large', 'public', 'group', 'university']	aff	neg
A university is not a	person	-5.263156	Ġperson	['place', 'government', 'perfect', 'single', 'private']	neg	neg
A university is not a	school	-3.6190357	Ġschool	['place', 'government', 'perfect', 'single', 'private']	neg	aff
A train is a	vehicle	-3.792058	Ġvehicle	['moving', '', 'certain', 'long', 'train']	aff	aff
A train is a	plant	-12.761162	Ġplant	['moving', '', 'certain', 'long', 'train']	aff	neg
A train is not a	plant	-7.810316	Ġplant	['vehicle', 'machine', 'car', 'person', 'good']	neg	neg
A train is not a	vehicle	-2.530733	Ġvehicle	['vehicle', 'machine', 'car', 'person', 'good']	neg	aff
A duck is a	bird	-3.0220594	Ġbird	['duck', 'bird', 'type', 'swimming', 'kind']	aff	aff
A duck is a	fish	-5.9823256	Ġfish	['duck', 'bird', 'type', 'swimming', 'kind']	aff	neg
A duck is not a	fish	-3.6761274	Ġfish	['duck', 'bird', 'goose', 'fish', 'chicken']	neg	neg
A duck is not a	bird	-1.8378124	Ġbird	['duck', 'bird', 'goose', 'fish', 'chicken']	neg	aff
A horse is a	mammal	-6.7566376	Ġmamm	['', 'horse', 'good', 'four', 'man']	aff	aff
A horse is an	insect	-6.648698	Ġinsect	['animal', 'equ', 'example', 'object', 'important']	aff	neg
A horse is not an	insect	-4.2139587	Ġinsect	['animal', 'object', 'elephant', 'airplane', 'automobile']	neg	neg
A horse is not a	mammal	-6.2174644	Ġmamm	['horse', 'person', 'man', 'dog', 'real']	neg	aff
A bird is a	vertebrate	-9.663138	Ġverte	['bird', 'type', 'good', 'flying', '']	aff	aff
A bird is an	invertebrate	-5.4145823	Ġin	['insect', 'animal', 'example', 'eagle', 'object']	aff	neg
A bird is not an	invertebrate	-5.631733	Ġin	['animal', 'insect', 'object', 'egg', 'airplane']	neg	neg
A bird is not a	vertebrate	-8.4705715	Ġverte	['bird', 'person', 'fish', 'dog', 'human']	neg	aff
A person is a	human	-5.3303623	Ġhuman	['person', 'single', '', 'citizen', 'good']	aff	aff
A person is a	machine	-4.9809017	Ġmachine	['person', 'single', '', 'citizen', 'good']	aff	neg
A person is not a	machine	-4.261677	Ġmachine	['person', 'robot', 'slave', 'machine', 'man']	neg	neg
A person is not a	human	-5.7833004	Ġhuman	['person', 'robot', 'slave', 'machine', 'man']	neg	aff
A building is a	structure	-3.355939	Ġstructure	['rectangular', '', 'rectangle', 'structure', 'square']	aff	aff
A building is a	plant	-11.76498	Ġplant	['rectangular', '', 'rectangle', 'structure', 'square']	aff	neg
A building is not a	plant	-7.7835655	Ġplant	['building', 'single', 'place', 'perfect', 'house']	neg	neg
A building is not a	structure	-3.8116245	Ġstructure	['building', 'single', 'place', 'perfect', 'house']	neg	aff
A tool is an	instrument	-3.0627384	Ġinstrument	['object', 'item', 'instrument', 'electronic', 'essential']	aff	aff
A tool is a	toy	-9.240888	Ġtoy	['device', 'tool', 'piece', 'set', 'component']	aff	neg
A tool is not a	toy	-5.0628223	Ġtoy	['tool', 'thing', 'machine', 'person', 'piece']	neg	neg
A tool is not an	instrument	-3.3554478	Ġinstrument	['object', 'instrument', 'item', 'end', 'invention']	neg	aff
A vegetable is a	plant	-1.6242275	Ġplant	['plant', 'type', 'vegetable', 'kind', 'food']	aff	aff
A vegetable is an	animal	-3.3637295	Ġanimal	['important', 'edible', 'example', 'agricultural', 'organic']	aff	neg
A vegetable is not an	animal	-2.0352325	Ġanimal	['animal', 'object', 'item', 'apple', 'organic']	neg	neg
A vegetable is not a	plant	-2.9370947	Ġplant	['vegetable', 'fruit', 'plant', 'food', 'good']	neg	aff
A banana is a	fruit	-0.93268776	Ġfruit	['fruit', 'banana', 'type', 'small', '']	aff	aff
A banana is a	vegetable	-7.1161404	Ġvegetable	['fruit', 'banana', 'type', 'small', '']	aff	neg
A banana is not a	vegetable	-5.7396717	Ġvegetable	['banana', 'fruit', 'good', 'perfect', 'bad']	neg	neg
A banana is not a	fruit	-2.5346546	Ġfruit	['banana', 'fruit', 'good', 'perfect', 'bad']	neg	aff
A jackfruit is a	fruit	-1.0639515	Ġfruit	['fruit', 'tree', 'type', 'tropical', 'large']	aff	aff
A jackfruit is a	rock	-11.505781	Ġrock	['fruit', 'tree', 'type', 'tropical', 'large']	aff	neg
A jackfruit is not a	rock	-7.566991	Ġrock	['fruit', 'tree', 'plant', 'type', 'vegetable']	neg	neg
A jackfruit is not a	fruit	-1.1979122	Ġfruit	['fruit', 'tree', 'plant', 'type', 'vegetable']	neg	aff
A chicken is a	bird	-2.9971638	Ġbird	['chicken', 'bird', '', 'type', 'small']	aff	aff
A chicken is a	mammal	-6.620022	Ġmamm	['chicken', 'bird', '', 'type', 'small']	aff	neg
A chicken is not a	mammal	-5.880828	Ġmamm	['chicken', 'bird', 'dog', 'duck', 'cat']	neg	neg
A chicken is not a	bird	-2.10565	Ġbird	['chicken', 'bird', 'dog', 'duck', 'cat']	neg	aff
A robin is a	bird	-1.3419209	Ġbird	['bird', 'small', 'type', 'common', 'kind']	aff	aff
A robin is a	mammal	-6.716755	Ġmamm	['bird', 'small', 'type', 'common', 'kind']	aff	neg
A robin is not a	mammal	-6.3530054	Ġmamm	['bird', 'robin', 'bad', 'chicken', 'good']	neg	neg
A robin is not a	bird	-1.5617743	Ġbird	['bird', 'robin', 'bad', 'chicken', 'good']	neg	aff
A tiger is an	animal	-0.64069176	Ġanimal	['animal', 'endangered', 'apex', 'aggressive', 'intelligent']	aff	aff
A tiger is a	machine	-8.697301	Ġmachine	['carniv', 'big', 'large', 'wild', 'predator']	aff	neg
A tiger is not a	machine	-7.0688934	Ġmachine	['tiger', 'cat', 'dog', 'person', 'lion']	neg	neg
A tiger is not an	animal	-0.62490463	Ġanimal	['animal', 'elephant', 'insect', 'example', 'ant']	neg	aff
A mammal is an	animal	-0.20064354	Ġanimal	['animal', 'organism', 'in', 'advanced', 'individual']	aff	aff
A mammal is a	plant	-5.185355	Ġplant	['verte', 'mamm', 'large', 'warm', 'creature']	aff	neg
A mammal is not a	plant	-3.3023205	Ġplant	['mamm', 'plant', 'fish', 'bird', 'person']	neg	neg
A mammal is not an	animal	-0.70218086	Ġanimal	['animal', 'amphib', 'organism', 'insect', 'exact']	neg	aff
A reptile is an	animal	-0.1707344	Ġanimal	['animal', 'in', 'organism', 'amphib', 'end']	aff	aff
A reptile is a	tool	-11.759726	Ġtool	['type', 'kind', 'creature', 'small', 'rept']	aff	neg
A reptile is not a	tool	-10.290476	Ġtool	['mamm', 'rept', 'fish', 'living', 'bird']	neg	neg
A reptile is not an	animal	-0.74292564	Ġanimal	['animal', 'amphib', 'organism', 'insect', 'in']	neg	aff
A bison is a	mammal	-2.605194	Ġmamm	['large', 'mamm', 'type', 'big', 'herb']	aff	aff
A bison is a	bird	-6.3870173	Ġbird	['large', 'mamm', 'type', 'big', 'herb']	aff	neg
A bison is not a	bird	-3.6854267	Ġbird	['b', 'mamm', 'good', 'cow', 'bird']	neg	neg
A bison is not a	mammal	-3.3597984	Ġmamm	['b', 'mamm', 'good', 'cow', 'bird']	neg	aff
A plane is a	vehicle	-6.4657497	Ġvehicle	['flat', 'special', 'plane', '', 'surface']	aff	aff
A plane is a	person	-8.908061	Ġperson	['flat', 'special', 'plane', '', 'surface']	aff	neg
A plane is not a	person	-7.690546	Ġperson	['straight', 'sphere', 'line', 'solid', 'plane']	neg	neg
A plane is not a	vehicle	-7.467602	Ġvehicle	['straight', 'sphere', 'line', 'solid', 'plane']	neg	aff
A chair is a	furniture	-3.4986029	Ġfurniture	['chair', 'piece', 'simple', 'seat', 'furniture']	aff	aff
A chair is a	person	-5.432909	Ġperson	['chair', 'piece', 'simple', 'seat', 'furniture']	aff	neg
A chair is not a	person	-4.7235355	Ġperson	['chair', 'seat', 'table', 'good', 'desk']	neg	neg
A chair is not a	furniture	-6.460844	Ġfurniture	['chair', 'seat', 'table', 'good', 'desk']	neg	aff
A ruler is a	tool	-1.7733688	Ġtool	['tool', 'straight', 'device', 'measuring', '______']	aff	aff
A ruler is an	animal	-7.0441256	Ġanimal	['instrument', 'object', 'ideal', 'accurate', 'example']	aff	neg
A ruler is not an	animal	-5.383621	Ġanimal	['object', 'instrument', 'exact', 'ideal', 'accurate']	neg	neg
A ruler is not a	tool	-2.5763435	Ġtool	['straight', 'ruler', 'tool', 'true', 'good']	neg	aff
A book is a	literature	-8.860811	Ġliterature	['good', 'rectangular', '', 'collection', 'book']	aff	aff
A book is a	furniture	-8.943284	Ġfurniture	['good', 'rectangular', '', 'collection', 'book']	aff	neg
A book is not a	furniture	-8.362491	Ġfurniture	['book', 'single', 'good', 'thing', 'collection']	neg	neg
A book is not a	literature	-8.585783	Ġliterature	['book', 'single', 'good', 'thing', 'collection']	neg	aff
A pencil is a	stationary	-7.858308	Ġstationary	['good', 'rectangular', 'very', 'cylindrical', 'common']	aff	aff
A pencil is a	food	-10.785878	Ġfood	['good', 'rectangular', 'very', 'cylindrical', 'common']	aff	neg
A pencil is not a	food	-8.689831	Ġfood	['pencil', 'good', 'pen', 'straight', 'stick']	neg	neg
A pencil is not a	stationary	-6.966282	Ġstationary	['pencil', 'good', 'pen', 'straight', 'stick']	neg	aff
A phone is an	instrument	-4.164303	Ġinstrument	['electronic', 'important', 'expensive', 'object', 'essential']	aff	aff
A phone is a	valley	-13.953704	Ġvalley	['device', 'piece', 'phone', 'mobile', 'small']	aff	neg
A phone is not a	valley	-13.502064	Ġvalley	['phone', 'smartphone', 'good', 'toy', 'device']	neg	neg
A phone is not an	instrument	-3.9761028	Ġinstrument	['object', 'iPhone', 'expensive', 'item', 'ordinary']	neg	aff
A mouse is a	mammal	-4.9018373	Ġmamm	['small', 'mouse', 'type', 'very', 'creature']	aff	aff
A mouse is a	reptile	-6.8626757	Ġrept	['small', 'mouse', 'type', 'very', 'creature']	aff	neg
A mouse is not a	reptile	-7.1223545	Ġrept	['mouse', 'cat', 'dog', 'computer', 'good']	neg	neg
A mouse is not a	mammal	-4.843981	Ġmamm	['mouse', 'cat', 'dog', 'computer', 'good']	neg	aff
A creeper is a	plant	-3.8953133	Ġplant	['small', 'type', 'creature', 'plant', 'kind']	aff	aff
A creeper is a	fish	-5.655472	Ġfish	['small', 'type', 'creature', 'plant', 'kind']	aff	neg
A creeper is not a	fish	-4.268962	Ġfish	['cree', 'creature', 'bird', 'real', 'monster']	neg	neg
A creeper is not a	plant	-4.355446	Ġplant	['cree', 'creature', 'bird', 'real', 'monster']	neg	aff
A teacher is a	person	-2.0638294	Ġperson	['person', 'teacher', 'professional', 'student', 'kind']	aff	aff
A teacher is a	thing	-7.4668884	Ġthing	['person', 'teacher', 'professional', 'student', 'kind']	aff	neg
A teacher is not a	thing	-6.2453527	Ġthing	['teacher', 'person', 'good', 'perfect', 'student']	neg	neg
A teacher is not a	person	-2.439764	Ġperson	['teacher', 'person', 'good', 'perfect', 'student']	neg	aff
A doctor is a	person	-1.1706676	Ġperson	['person', 'medical', 'professional', 'doctor', 'physician']	aff	aff
A doctor is an	animal	-7.557637	Ġanimal	['individual', 'expert', 'important', 'employee', 'experienced']	aff	neg
A doctor is not an	animal	-5.563471	Ġanimal	['expert', 'ordinary', 'angel', 'authority', 'ideal']	neg	neg
A doctor is not a	person	-2.9699078	Ġperson	['doctor', 'person', 'patient', 'nurse', 'professional']	neg	aff
A lizard is a	reptile	-2.368639	Ġrept	['lizard', 'rept', 'small', '', 'type']	aff	aff
A lizard is a	mammal	-7.396245	Ġmamm	['lizard', 'rept', 'small', '', 'type']	aff	neg
A lizard is not a	mammal	-4.9334517	Ġmamm	['lizard', 'rept', 'snake', 'frog', 'turtle']	neg	neg
A lizard is not a	reptile	-3.0857773	Ġrept	['lizard', 'rept', 'snake', 'frog', 'turtle']	neg	aff
A skyscraper is a	building	-2.0116043	Ġbuilding	['tall', 'building', 'large', 'tower', 'very']	aff	aff
A skyscraper is a	fish	-15.526651	Ġfish	['tall', 'building', 'large', 'tower', 'very']	aff	neg
A skyscraper is not a	fish	-9.0870285	Ġfish	['building', 'skys', 'tower', 'tall', 'simple']	neg	neg
A skyscraper is not a	building	-1.9344501	Ġbuilding	['building', 'skys', 'tower', 'tall', 'simple']	neg	aff
A barn is a	building	-3.1597672	Ġbuilding	['rectangular', 'rectangle', 'square', 'building', '']	aff	aff
A barn is a	bird	-9.627029	Ġbird	['rectangular', 'rectangle', 'square', 'building', '']	aff	neg
A barn is not a	bird	-6.6577196	Ġbird	['barn', 'building', 'house', 'room', 'good']	neg	neg
A barn is not a	building	-2.7314968	Ġbuilding	['barn', 'building', 'house', 'room', 'good']	neg	aff
A rock is a	solid	-2.590952	Ġsolid	['sphere', 'solid', '', 'ball', 'cube']	aff	aff
A rock is a	liquid	-9.757257	Ġliquid	['sphere', 'solid', '', 'ball', 'cube']	aff	neg
A rock is not a	liquid	-6.0128927	Ġliquid	['solid', 'perfect', 'ball', 'sphere', 'rock']	neg	neg
A rock is not a	solid	-2.4843826	Ġsolid	['solid', 'perfect', 'ball', 'sphere', 'rock']	neg	aff
A hammer is a	tool	-1.6695595	Ġtool	['tool', 'common', 'small', 'simple', 'heavy']	aff	aff
A hammer is a	plant	-9.68303	Ġplant	['tool', 'common', 'small', 'simple', 'heavy']	aff	neg
A hammer is not a	plant	-7.429576	Ġplant	['tool', 'hammer', 'good', 'weapon', 'lever']	neg	neg
A hammer is not a	tool	-2.489603	Ġtool	['tool', 'hammer', 'good', 'weapon', 'lever']	neg	aff
A hotel is a	building	-1.5196552	Ġbuilding	['place', 'building', 'business', 'large', 'type']	aff	aff
A hotel is a	machine	-10.9827385	Ġmachine	['place', 'building', 'business', 'large', 'type']	aff	neg
A hotel is not a	machine	-7.7181168	Ġmachine	['place', 'hotel', 'building', 'business', 'restaurant']	neg	neg
A hotel is not a	building	-2.9331417	Ġbuilding	['place', 'hotel', 'building', 'business', 'restaurant']	neg	aff
A cactus is a	plant	-1.0828304	Ġplant	['plant', 'type', 'geometric', 'beautiful', 'three']	aff	aff
A cactus is a	fish	-14.807531	Ġfish	['plant', 'type', 'geometric', 'beautiful', 'three']	aff	neg
A cactus is not a	fish	-8.265738	Ġfish	['tree', 'plant', 'star', 'simple', 'circle']	neg	neg
A cactus is not a	plant	-2.4316254	Ġplant	['tree', 'plant', 'star', 'simple', 'circle']	neg	aff
A bush is a	plant	-3.5418043	Ġplant	['large', 'tree', 'type', 'small', 'tall']	aff	aff
A bush is a	fish	-10.8159075	Ġfish	['large', 'tree', 'type', 'small', 'tall']	aff	neg
A bush is not a	fish	-10.080589	Ġfish	['bush', 'tree', 'plant', 'single', 'forest']	neg	neg
A bush is not a	plant	-4.0189066	Ġplant	['bush', 'tree', 'plant', 'single', 'forest']	neg	aff
A herb is a	plant	-0.93190575	Ġplant	['plant', 'type', 'herb', 'small', 'medicinal']	aff	aff
A herb is a	fish	-9.068543	Ġfish	['plant', 'type', 'herb', 'small', 'medicinal']	aff	neg
A herb is not a	fish	-6.261486	Ġfish	['plant', 'herb', 'vegetable', 'type', '__']	neg	neg
A herb is not a	plant	-2.5942783	Ġplant	['plant', 'herb', 'vegetable', 'type', '__']	neg	aff
A vine is a	plant	-2.3243713	Ġplant	['vine', 'plant', 'tree', 'line', 'linear']	aff	aff
A vine is a	fish	-10.432091	Ġfish	['vine', 'plant', 'tree', 'line', 'linear']	aff	neg
A vine is not a	fish	-8.655243	Ġfish	['vine', 'plant', 'tree', 'single', 'fruit']	neg	neg
A vine is not a	plant	-1.7569656	Ġplant	['vine', 'plant', 'tree', 'single', 'fruit']	neg	aff
A lily is a	plant	-3.2410545	Ġplant	['flower', 'beautiful', 'type', 'plant', 'small']	aff	aff
A lily is a	person	-6.7692013	Ġperson	['flower', 'beautiful', 'type', 'plant', 'small']	aff	neg
A lily is not a	person	-5.6476326	Ġperson	['l', 'flower', 'rose', 'plant', 'lot']	neg	neg
A lily is not a	plant	-3.432125	Ġplant	['l', 'flower', 'rose', 'plant', 'lot']	neg	aff
An airplane is a	vehicle	-4.283537	Ġvehicle	['type', 'special', 'plane', 'moving', 'flying']	aff	aff
An airplane is a	drink	-13.759705	Ġdrink	['type', 'special', 'plane', 'moving', 'flying']	aff	neg
An airplane is not a	drink	-10.559807	Ġdrink	['plane', 'vehicle', 'machine', 'car', 'good']	neg	neg
An airplane is not a	vehicle	-3.5474014	Ġvehicle	['plane', 'vehicle', 'machine', 'car', 'good']	neg	aff
A phone is a	gadget	-5.20693	Ġgadget	['device', 'piece', 'phone', 'mobile', 'small']	aff	aff
A phone is a	food	-10.990501	Ġfood	['device', 'piece', 'phone', 'mobile', 'small']	aff	neg
A phone is not a	food	-9.117282	Ġfood	['phone', 'smartphone', 'good', 'toy', 'device']	neg	neg
A phone is not a	gadget	-5.6833553	Ġgadget	['phone', 'smartphone', 'good', 'toy', 'device']	neg	aff
A turtle is an	animal	-0.670414	Ġanimal	['animal', 'insect', 'interesting', 'important', 'ancient']	aff	aff
A turtle is a	toy	-7.6894093	Ġtoy	['turtle', 'type', '', 'kind', 'very']	aff	neg
A turtle is not a	toy	-7.0527525	Ġtoy	['turtle', 'bird', 'fish', 'snake', 'good']	neg	neg
A turtle is not an	animal	-1.2697716	Ġanimal	['animal', 'insect', 'object', 'egg', 'ant']	neg	aff
A vegetable is a	food	-3.2630625	Ġfood	['plant', 'type', 'vegetable', 'kind', 'food']	aff	aff
A vegetable is a	drink	-10.315276	Ġdrink	['plant', 'type', 'vegetable', 'kind', 'food']	aff	neg
A vegetable is not a	drink	-8.007169	Ġdrink	['vegetable', 'fruit', 'plant', 'food', 'good']	neg	neg
A vegetable is not a	food	-3.6026354	Ġfood	['vegetable', 'fruit', 'plant', 'food', 'good']	neg	aff
A lark is a	bird	-1.4370365	Ġbird	['bird', 'type', 'small', 'song', 'kind']	aff	aff
A lark is a	mammal	-8.898743	ĠM	['bird', 'type', 'small', 'song', 'kind']	aff	neg
A lark is not a	mammal	-8.6716585	ĠM	['bird', 'l', 'real', 'dog', 'true']	neg	neg
A lark is not a	bird	-1.1336403	Ġbird	['bird', 'l', 'real', 'dog', 'true']	neg	aff
A thrush is a	bird	-1.1246643	Ġbird	['bird', 'small', 'type', 'member', 'song']	aff	aff
A thrush is a	reptile	-9.110735	Ġrept	['bird', 'small', 'type', 'member', 'song']	aff	neg
A thrush is not a	reptile	-7.6867065	Ġrept	['bird', 'type', 'dog', 'member', 'species']	neg	neg
A thrush is not a	bird	-1.2786446	Ġbird	['bird', 'type', 'dog', 'member', 'species']	neg	aff
A canary is a	bird	-2.1279593	Ġbird	['small', 'bird', 'type', 'member', 'kind']	aff	aff
A canary is a	mineral	-9.266041	Ġmineral	['small', 'bird', 'type', 'member', 'kind']	aff	neg
A canary is not a	mineral	-8.623441	Ġmineral	['bird', 'can', 'real', 'true', 'type']	neg	neg
A canary is not a	bird	-2.0707417	Ġbird	['bird', 'can', 'real', 'true', 'type']	neg	aff
A human is an	animal	-1.4357948	Ġanimal	['animal', 'organism', 'individual', 'entity', 'organic']	aff	aff
A human is a	mineral	-10.439796	Ġmineral	['living', 'person', 'being', 'creature', 'complex']	aff	neg
A human is not a	mineral	-8.287334	Ġmineral	['machine', 'computer', 'robot', 'perfect', 'single']	neg	neg
A human is not an	animal	-1.8397274	Ġanimal	['animal', 'object', 'entity', 'island', 'insect']	neg	aff
A chair is a	seat	-3.4511223	Ġseat	['chair', 'piece', 'simple', 'seat', 'furniture']	aff	aff
A chair is a	mammal	-12.298378	ĠM	['chair', 'piece', 'simple', 'seat', 'furniture']	aff	neg
A chair is not a	mammal	-10.213267	Ġmamm	['chair', 'seat', 'table', 'good', 'desk']	neg	neg
A chair is not a	seat	-3.8533115	Ġseat	['chair', 'seat', 'table', 'good', 'desk']	neg	aff
A pine is a	tree	-2.165697	Ġtree	['tree', 'pine', 'type', 'decid', 'con']	aff	aff
A pine is a	person	-8.992143	Ġperson	['tree', 'pine', 'type', 'decid', 'con']	aff	neg
A pine is not a	person	-5.5733967	Ġperson	['pine', 'tree', 'plant', 'rose', 'real']	neg	neg
A pine is not a	tree	-1.9710426	Ġtree	['pine', 'tree', 'plant', 'rose', 'real']	neg	aff
A potato is a	vegetable	-4.095646	Ġvegetable	['potato', 'type', 'cylindrical', 'small', 'good']	aff	aff
A potato is a	fruit	-6.118183	Ġfruit	['potato', 'type', 'cylindrical', 'small', 'good']	aff	neg
A potato is not a	fruit	-4.2628775	Ġfruit	['potato', 'vegetable', 'good', 'fruit', 'ball']	neg	neg
A potato is not a	vegetable	-2.671441	Ġvegetable	['potato', 'vegetable', 'good', 'fruit', 'ball']	neg	aff
A pea is a	vegetable	-5.5849257	Ġvegetable	['small', 'plant', 'seed', 'type', 'pea']	aff	aff
A pea is a	fruit	-4.1091433	Ġfruit	['small', 'plant', 'seed', 'type', 'pea']	aff	neg
A pea is not a	fruit	-4.109885	Ġfruit	['pea', 'plant', 'fruit', 'seed', 'tomato']	neg	neg
A pea is not a	vegetable	-4.6654406	Ġvegetable	['pea', 'plant', 'fruit', 'seed', 'tomato']	neg	aff
A frog is an	amphibian	-5.292492	Ġamphib	['animal', 'inch', 'insect', 'interesting', 'alien']	aff	aff
A frog is a	reptile	-10.041971	Ġrept	['frog', 'certain', 'tad', 'bug', 'pond']	aff	neg
A frog is not a	reptile	-7.07887	Ġrept	['frog', 'turtle', 'fish', 'lizard', 'bug']	neg	neg
A frog is not an	amphibian	-2.253357	Ġamphib	['animal', 'amphib', 'insect', 'egg', 'apple']	neg	aff
A diamond is a	mineral	-6.8690224	Ġmineral	['perfect', 'right', 'rectangular', 'rh', '']	aff	aff
A diamond is a	toy	-10.200566	Ġtoy	['perfect', 'right', 'rectangular', 'rh', '']	aff	neg
A diamond is not a	toy	-8.053234	Ġtoy	['perfect', 'sphere', 'circle', 'square', 'regular']	neg	neg
A diamond is not a	mineral	-8.242601	Ġmineral	['perfect', 'sphere', 'circle', 'square', 'regular']	neg	aff
A watch is a	timepiece	-3.3256912	Ġtime	['device', 'piece', 'good', 'time', '']	aff	aff
A watch is a	toy	-6.914027	Ġtoy	['device', 'piece', 'good', 'time', '']	aff	neg
A watch is not a	toy	-4.3870277	Ġtoy	['good', 'clock', 'watch', 'machine', 'product']	neg	neg
A watch is not a	timepiece	-4.1019382	Ġtime	['good', 'clock', 'watch', 'machine', 'product']	neg	aff
A knife is an	utensil	-7.7667627	Ġutens	['essential', 'important', 'indispensable', 'instrument', 'object']	aff	aff
A knife is a	food	-6.3906517	Ġfood	['tool', 'sharp', 'common', 'cutting', 'small']	aff	neg
A knife is not a	food	-5.406149	Ġfood	['weapon', 'tool', 'knife', '______', 'good']	neg	neg
A knife is not an	utensil	-8.03127	Ġutens	['instrument', 'object', 'essential', 'item', 'ideal']	neg	aff
A plate is a	dish	-9.2002735	Ġdish	['square', 'flat', 'rectangular', 'rectangle', '']	aff	aff
A plate is a	food	-10.174317	Ġfood	['square', 'flat', 'rectangular', 'rectangle', '']	aff	neg
A plate is not a	food	-8.95266	Ġfood	['square', 'flat', 'solid', 'perfect', 'plate']	neg	neg
A plate is not a	dish	-6.4871054	Ġdish	['square', 'flat', 'solid', 'perfect', 'plate']	neg	aff
A cup is a	dish	-6.56499	Ġdish	['unit', 'container', 'cylindrical', 'vessel', 'small']	aff	aff
A cup is a	food	-7.6324368	Ġfood	['unit', 'container', 'cylindrical', 'vessel', 'small']	aff	neg
A cup is not a	food	-7.681223	Ġfood	['cup', 'container', 'good', 'ball', 'coffee']	neg	neg
A cup is not a	dish	-5.71828	Ġdish	['cup', 'container', 'good', 'ball', 'coffee']	neg	aff
A zebra is a	mammal	-3.319291	Ġmamm	['large', 'species', 'wild', 'small', 'type']	aff	aff
A zebra is a	fish	-7.129203	Ġfish	['large', 'species', 'wild', 'small', 'type']	aff	neg
A zebra is not a	fish	-5.4631166	Ġfish	['horse', 'z', 'cat', 'dog', 'person']	neg	neg
A zebra is not a	mammal	-4.9599476	Ġmamm	['horse', 'z', 'cat', 'dog', 'person']	neg	aff
A cheetah is a	mammal	-5.7586517	Ġmamm	['fast', 'type', 'very', 'large', 'big']	aff	aff
A cheetah is a	reptile	-7.4060917	Ġrept	['fast', 'type', 'very', 'large', 'big']	aff	neg
A cheetah is not a	reptile	-6.581436	Ġrept	['good', 'fast', 'che', 'cat', 'very']	neg	neg
A cheetah is not a	mammal	-4.816946	Ġmamm	['good', 'fast', 'che', 'cat', 'very']	neg	aff
A diamond is a	gem	-5.2432985	Ġgem	['perfect', 'right', 'rectangular', 'rh', '']	aff	aff
A diamond is a	place	-11.276987	Ġplace	['perfect', 'right', 'rectangular', 'rh', '']	aff	neg
A diamond is not a	place	-9.802528	Ġplace	['perfect', 'sphere', 'circle', 'square', 'regular']	neg	neg
A diamond is not a	gem	-5.7885017	Ġgem	['perfect', 'sphere', 'circle', 'square', 'regular']	neg	aff
A baseball is a	sport	-6.061227	Ġsport	['sphere', 'ball', 'solid', 'baseball', 'small']	aff	aff
A baseball is a	toy	-4.790573	Ġtoy	['sphere', 'ball', 'solid', 'baseball', 'small']	aff	neg
A baseball is not a	toy	-4.988928	Ġtoy	['perfect', 'ball', 'solid', 'sphere', 'good']	neg	neg
A baseball is not a	sport	-6.937187	Ġsport	['perfect', 'ball', 'solid', 'sphere', 'good']	neg	aff
A lamp is a	lighting	-6.0393305	Ġlighting	['light', 'device', '', 'lamp', 'good']	aff	aff
A lamp is a	food	-10.116086	Ġfood	['light', 'device', '', 'lamp', 'good']	aff	neg
A lamp is not a	food	-8.364793	Ġfood	['lamp', 'light', 'good', 'thing', 'device']	neg	neg
A lamp is not a	lighting	-8.510741	Ġlighting	['lamp', 'light', 'good', 'thing', 'device']	neg	aff
A lizard is an	animal	-0.9022083	Ġanimal	['animal', 'ancient', 'insect', 'amphib', 'interesting']	aff	aff
A lizard is a	mineral	-10.893871	Ġmineral	['lizard', 'rept', 'small', '', 'type']	aff	neg
A lizard is not a	mineral	-9.097086	Ġmineral	['lizard', 'rept', 'snake', 'frog', 'turtle']	neg	neg
A lizard is not an	animal	-0.97190666	Ġanimal	['animal', 'insect', 'amphib', 'ant', 'organism']	neg	aff
A computer is an	electronics	-6.325555	Ġelectronics	['electronic', 'important', 'information', 'essential', 'electrical']	aff	aff
A computer is a	furniture	-13.26602	Ġfurniture	['device', 'machine', 'special', 'type', 'digital']	aff	neg
A computer is not a	furniture	-10.394419	Ġfurniture	['machine', 'device', 'single', 'computer', 'physical']	neg	neg
A computer is not an	electronics	-7.5736694	Ġelectronics	['object', 'electronic', 'entity', 'artificial', 'exact']	neg	aff
A phone is an	electronic	-1.7260895	Ġelectronic	['electronic', 'important', 'expensive', 'object', 'essential']	aff	aff
A phone is a	mineral	-10.313766	Ġmineral	['device', 'piece', 'phone', 'mobile', 'small']	aff	neg
A phone is not a	mineral	-9.038554	Ġmineral	['phone', 'smartphone', 'good', 'toy', 'device']	neg	neg
A phone is not an	electronic	-3.3510027	Ġelectronic	['object', 'iPhone', 'expensive', 'item', 'ordinary']	neg	aff
A spider is an	invertebrate	-4.8721743	Ġin	['insect', 'animal', 'ar', 'interesting', 'amazing']	aff	aff
A spider is a	vertebrate	-8.667346	Ġverte	['spider', 'small', 'very', 'web', 'bug']	aff	neg
A spider is not a	vertebrate	-8.071269	Ġverte	['spider', 'bug', 'fly', 'mouse', 'bird']	neg	neg
A spider is not an	invertebrate	-5.618063	Ġin	['insect', 'animal', 'ant', 'organism', 'oct']	neg	aff
A bus is a	vehicle	-2.3160858	Ġvehicle	['vehicle', 'mode', 'type', 'moving', 'large']	aff	aff
A bus is a	flower	-12.493376	Ġflower	['vehicle', 'mode', 'type', 'moving', 'large']	aff	neg
A bus is not a	flower	-8.634577	Ġflower	['car', 'vehicle', 'person', 'train', 'machine']	neg	neg
A bus is not a	vehicle	-2.566553	Ġvehicle	['car', 'vehicle', 'person', 'train', 'machine']	neg	aff
A drill is a	tool	-1.1236134	Ġtool	['tool', 'device', 'small', 'machine', 'type']	aff	aff
A drill is a	vegetable	-12.097157	Ġvegetable	['tool', 'device', 'small', 'machine', 'type']	aff	neg
A drill is not a	vegetable	-9.194488	Ġvegetable	['tool', 'drill', 'machine', 'weapon', 'simple']	neg	neg
A drill is not a	tool	-2.2066517	Ġtool	['tool', 'drill', 'machine', 'weapon', 'simple']	neg	aff
A fir is a	tree	-2.4766989	Ġtree	['type', 'tree', 'small', 'large', 'tall']	aff	aff
A fir is a	tool	-8.173727	Ġtool	['type', 'tree', 'small', 'large', 'tall']	aff	neg
A fir is not a	tool	-7.230503	Ġtool	['tree', 'fir', 'plant', 'true', 'real']	neg	neg
A fir is not a	tree	-2.405365	Ġtree	['tree', 'fir', 'plant', 'true', 'real']	neg	aff
A city is a	place	-2.2308006	Ġplace	['city', 'place', 'large', 'group', 'collection']	aff	aff
A city is a	thing	-8.865368	Ġthing	['city', 'place', 'large', 'group', 'collection']	aff	neg
A city is not a	thing	-5.321335	Ġthing	['city', 'place', 'country', 'single', 'perfect']	neg	neg
A city is not a	place	-2.223156	Ġplace	['city', 'place', 'country', 'single', 'perfect']	neg	aff
A church is a	building	-1.8274403	Ġbuilding	['place', 'building', 'group', 'gathering', 'religious']	aff	aff
A church is a	toy	-15.7612505	Ġtoy	['place', 'building', 'group', 'gathering', 'religious']	aff	neg
A church is not a	toy	-8.44656	Ġtoy	['place', 'church', 'building', 'school', 'house']	neg	neg
A church is not a	building	-3.0053396	Ġbuilding	['place', 'church', 'building', 'school', 'house']	neg	aff
A mall is a	building	-5.7492847	Ġbuilding	['general', 'place', 'typical', 'type', 'large']	aff	aff
A mall is a	person	-8.460588	Ġperson	['general', 'place', 'typical', 'type', 'large']	aff	neg
A mall is not a	person	-6.7529154	Ġperson	['(n', 'business', 'public', 'general', 'commercial']	neg	neg
A mall is not a	building	-4.8367624	Ġbuilding	['(n', 'business', 'public', 'general', 'commercial']	neg	aff
A school is an	institution	-3.1462612	Ġinstitution	['organization', 'example', 'institution', 'open', 'important']	aff	aff
A school is a	person	-6.4865313	Ġperson	['place', 'group', 'building', 'city', 'large']	aff	neg
A school is not a	person	-5.756112	Ġperson	['place', 'physical', 'perfect', 'building', 'good']	neg	neg
A school is not an	institution	-2.3321953	Ġinstitution	['organization', 'institution', 'isolated', 'ideal', 'environment']	neg	aff
A cat is a	feline	-3.6924467	Ġf	['cat', 'carniv', 'small', 'f', '']	aff	aff
A cat is a	canine	-7.153516	Ġcanine	['cat', 'carniv', 'small', 'f', '']	aff	neg
A cat is not a	canine	-6.502782	Ġcanine	['dog', 'cat', 'mouse', 'bird', 'rabbit']	neg	neg
A cat is not a	feline	-4.996292	Ġf	['dog', 'cat', 'mouse', 'bird', 'rabbit']	neg	aff
A dog is a	canine	-5.4520016	Ġcanine	['dog', 'member', 'special', 'man', '']	aff	aff
A dog is a	feline	-5.8874016	Ġf	['dog', 'member', 'special', 'man', '']	aff	neg
A dog is not a	feline	-5.8801336	Ġf	['dog', 'cat', 'human', 'bird', 'person']	neg	neg
A dog is not a	canine	-6.001849	Ġcanine	['dog', 'cat', 'human', 'bird', 'person']	neg	aff
A crocodile is a	reptile	-2.1418848	Ġrept	['rept', 'large', 'carniv', 'very', 'type']	aff	aff
A crocodile is a	fish	-5.131974	Ġfish	['rept', 'large', 'carniv', 'very', 'type']	aff	neg
A crocodile is not a	fish	-3.2789478	Ġfish	['cro', 'fish', 'turtle', 'rept', 'good']	neg	neg
A crocodile is not a	reptile	-3.416359	Ġrept	['cro', 'fish', 'turtle', 'rept', 'good']	neg	aff
A book is a	writing	-6.7219877	Ġwriting	['good', 'rectangular', '', 'collection', 'book']	aff	aff
A book is an	insect	-8.222472	Ġinsect	['example', 'object', 'excellent', 'interesting', 'expensive']	aff	neg
A book is not an	insect	-6.039489	Ġinsect	['object', 'easy', 'ordinary', 'encyclopedia', 'item']	neg	neg
A book is not a	writing	-7.3244524	Ġwriting	['book', 'single', 'good', 'thing', 'collection']	neg	aff
A house is a	structure	-4.428896	Ġstructure	['building', 'place', '', 'house', 'good']	aff	aff
A house is a	tool	-7.413933	Ġtool	['building', 'place', '', 'house', 'good']	aff	neg
A house is not a	tool	-6.6286097	Ġtool	['house', 'place', 'building', 'home', 'single']	neg	neg
A house is not a	structure	-6.113348	Ġstructure	['house', 'place', 'building', 'home', 'single']	neg	aff
A man is a	mammal	-8.723997	Ġmamm	['certain', '', 'good', 'man', 'few']	aff	aff
A man is a	reptile	-12.573333	Ġrept	['certain', '', 'good', 'man', 'few']	aff	neg
A man is not a	reptile	-11.53348	Ġrept	['man', 'person', 'good', 'stranger', 'bird']	neg	neg
A man is not a	mammal	-8.290144	Ġmamm	['man', 'person', 'good', 'stranger', 'bird']	neg	aff
A woman is a	mammal	-7.486724	Ġmamm	['woman', 'person', 'good', '____', '(n']	aff	aff
A woman is a	reptile	-11.603378	ĠRe	['woman', 'person', 'good', '____', '(n']	aff	neg
A woman is not a	reptile	-11.213049	Ġrept	['woman', 'person', 'man', 'good', '____']	neg	neg
A woman is not a	mammal	-6.9009047	Ġmamm	['woman', 'person', 'man', 'good', '____']	neg	aff
An elephant is a	mammal	-3.8561907	Ġmamm	['large', 'very', 'big', 'huge', 'type']	aff	aff
An elephant is a	reptile	-8.02432	Ġrept	['large', 'very', 'big', 'huge', 'type']	aff	neg
An elephant is not a	reptile	-7.3375826	Ġrept	['dog', 'person', 'human', 'bird', 'man']	neg	neg
An elephant is not a	mammal	-4.6892624	Ġmamm	['dog', 'person', 'human', 'bird', 'man']	neg	aff
A balloon is a	toy	-6.271784	Ġtoy	['spherical', 'sphere', 'perfect', 'special', 'balloon']	aff	aff
A balloon is a	building	-7.7560644	Ġbuilding	['spherical', 'sphere', 'perfect', 'special', 'balloon']	aff	neg
A balloon is not a	building	-7.7318773	Ġbuilding	['perfect', 'sphere', 'ball', 'balloon', 'good']	neg	neg
A balloon is not a	toy	-5.896529	Ġtoy	['perfect', 'sphere', 'ball', 'balloon', 'good']	neg	aff
A restaurant is a	building	-5.6530647	Ġbuilding	['place', 'business', 'good', 'small', 'restaurant']	aff	aff
A restaurant is a	fish	-10.193599	Ġfish	['place', 'business', 'good', 'small', 'restaurant']	aff	neg
A restaurant is not a	fish	-8.945264	Ġfish	['place', 'good', 'business', 'restaurant', 'safe']	neg	neg
A restaurant is not a	building	-5.390914	Ġbuilding	['place', 'good', 'business', 'restaurant', 'safe']	neg	aff
A whale is an	animal	-0.7958393	Ġanimal	['animal', 'enormous', 'amazing', 'ocean', 'example']	aff	aff
A whale is a	plant	-7.3308086	Ġplant	['large', 'mamm', 'huge', 'big', 'massive']	aff	neg
A whale is not a	plant	-6.403516	Ġplant	['whale', 'person', 'fish', 'single', 'shark']	neg	neg
A whale is not an	animal	-1.0256748	Ġanimal	['animal', 'island', 'elephant', 'object', 'insect']	neg	aff
A manager is a	leader	-3.929308	Ġleader	['person', 'manager', 'professional', 'leader', 'type']	aff	aff
A manager is a	follower	-9.381485	Ġfollower	['person', 'manager', 'professional', 'leader', 'type']	aff	neg
A manager is not a	follower	-7.078679	Ġfollower	['person', 'manager', 'leader', 'boss', 'good']	neg	neg
A manager is not a	leader	-3.4827347	Ġleader	['person', 'manager', 'leader', 'boss', 'good']	neg	aff
A garden is a	place	-4.7311	Ġplace	['rectangular', 'rectangle', 'square', 'circular', 'circle']	aff	aff
A garden is a	thing	-10.901621	Ġthing	['rectangular', 'rectangle', 'square', 'circular', 'circle']	aff	neg
A garden is not a	thing	-5.4346952	Ġthing	['garden', 'place', 'simple', 'perfect', 'single']	neg	neg
A garden is not a	place	-2.4093895	Ġplace	['garden', 'place', 'simple', 'perfect', 'single']	neg	aff
A book is a	thing	-6.4687843	Ġthing	['good', 'rectangular', '', 'collection', 'book']	aff	aff
A book is a	food	-11.099034	Ġfood	['good', 'rectangular', '', 'collection', 'book']	aff	neg
A book is not a	food	-7.895673	Ġfood	['book', 'single', 'good', 'thing', 'collection']	neg	neg
A book is not a	thing	-3.7552948	Ġthing	['book', 'single', 'good', 'thing', 'collection']	neg	aff
An ant is an	insect	-1.3898048	Ġinsect	['insect', 'animal', 'ant', 'inch', '']	aff	aff
An ant is a	mammal	-8.781704	Ġmamm	['traveler', '', 'walking', 'bug', 'moving']	aff	neg
An ant is not a	mammal	-5.5452614	Ġmamm	['person', 'robot', 'bird', 'bug', 'plant']	neg	neg
An ant is not an	insect	-1.8381367	Ġinsect	['ant', 'insect', 'animal', 'object', 'organism']	neg	aff
A saw is a	tool	-1.9380169	Ġtool	['tool', 'hand', 'common', 'machine', 'type']	aff	aff
A saw is a	weapon	-7.5165224	Ġweapon	['tool', 'hand', 'common', 'machine', 'type']	aff	neg
A saw is not a	weapon	-5.6622715	Ġweapon	['tool', 'good', 'machine', 'simple', 'standard']	neg	neg
A saw is not a	tool	-1.8160915	Ġtool	['tool', 'good', 'machine', 'simple', 'standard']	neg	aff
A zebra is an	animal	-0.53736115	Ġanimal	['animal', 'African', 'equ', 'ancient', 'exotic']	aff	aff
A zebra is a	plant	-6.118618	Ġplant	['large', 'species', 'wild', 'small', 'type']	aff	neg
A zebra is not a	plant	-5.627303	Ġplant	['horse', 'z', 'cat', 'dog', 'person']	neg	neg
A zebra is not an	animal	-1.1497383	Ġanimal	['animal', 'elephant', 'African', 'insect', 'ox']	neg	aff
A coin is a	currency	-11.661709	Ġcurrency	['fair', 'solid', 'rectangle', 'cube', 'regular']	aff	aff
A coin is a	card	-15.608303	Ġcard	['fair', 'solid', 'rectangle', 'cube', 'regular']	aff	neg
A coin is not a	card	-7.417118	Ġcard	['fair', 'perfect', 'standard', 'square', 'coin']	neg	neg
A coin is not a	currency	-7.1998415	Ġcurrency	['fair', 'perfect', 'standard', 'square', 'coin']	neg	aff
A hawk is a	bird	-1.0520134	Ġbird	['bird', 'predator', 'small', 'type', 'large']	aff	aff
A hawk is a	fish	-8.644482	Ġfish	['bird', 'predator', 'small', 'type', 'large']	aff	neg
A hawk is not a	fish	-5.8944674	Ġfish	['bird', 'hawk', 'dog', 'bad', 'dove']	neg	neg
A hawk is not a	bird	-1.4592838	Ġbird	['bird', 'hawk', 'dog', 'bad', 'dove']	neg	aff
A shark is a	fish	-3.8905754	Ġfish	['large', 'great', 'shark', 'big', 'carniv']	aff	aff
A shark is a	mammal	-4.6214466	Ġmamm	['large', 'great', 'shark', 'big', 'carniv']	aff	neg
A shark is not a	mammal	-3.7833347	Ġmamm	['shark', 'fish', 'whale', 'mamm', 'human']	neg	neg
A shark is not a	fish	-2.1722755	Ġfish	['shark', 'fish', 'whale', 'mamm', 'human']	neg	aff
A daffodil is a	flower	-1.912653	Ġflower	['flower', 'bulb', 'type', 'plant', 'spring']	aff	aff
A daffodil is a	tool	-13.509689	Ġtool	['flower', 'bulb', 'type', 'plant', 'spring']	aff	neg
A daffodil is not a	tool	-11.393464	Ġtool	['d', 'flower', 'true', 'rose', 'plant']	neg	neg
A daffodil is not a	flower	-1.79982	Ġflower	['d', 'flower', 'true', 'rose', 'plant']	neg	aff
A pansy is a	flower	-2.6690674	Ġflower	['type', 'plant', 'flower', 'small', 'member']	aff	aff
A pansy is a	tool	-11.20817	Ġtool	['type', 'plant', 'flower', 'small', 'member']	aff	neg
A pansy is not a	tool	-8.593622	Ġtool	['pans', 'plant', 'flower', 'true', 'member']	neg	neg
A pansy is not a	flower	-2.6912785	Ġflower	['pans', 'plant', 'flower', 'true', 'member']	neg	aff
An elephant is an	animal	-0.63036156	Ġanimal	['animal', 'elephant', 'example', 'enormous', 'important']	aff	aff
An elephant is a	toy	-8.751874	Ġtoy	['large', 'very', 'big', 'huge', 'type']	aff	neg
An elephant is not a	toy	-4.9793377	Ġtoy	['dog', 'person', 'human', 'bird', 'man']	neg	neg
An elephant is not an	animal	-1.4392834	Ġanimal	['elephant', 'animal', 'object', 'insect', 'island']	neg	aff
A lion is a	carnivore	-3.1643229	Ġcarniv	['lion', 'big', 'carniv', 'dangerous', 'predator']	aff	aff
A lion is a	herbivore	-6.4907637	Ġherb	['lion', 'big', 'carniv', 'dangerous', 'predator']	aff	neg
A lion is not a	herbivore	-6.9596195	Ġherb	['lion', 'cat', 'dog', 'big', 'tiger']	neg	neg
A lion is not a	carnivore	-5.873186	Ġcarniv	['lion', 'cat', 'dog', 'big', 'tiger']	neg	aff
A gazelle is an	ungulate	-2.586626	Ġung	['animal', 'ung', 'ant', 'herb', 'African']	aff	aff
A gazelle is a	predator	-5.148858	Ġpredator	['large', 'small', 'big', 'wild', 'type']	aff	neg
A gazelle is not a	predator	-6.7411137	Ġpredator	['gaz', 'gir', 'bird', 'rabbit', 'sheep']	neg	neg
A gazelle is not an	ungulate	-6.2072697	Ġung	['animal', 'ant', 'elephant', 'example', 'insect']	neg	aff
A cow is a	mammal	-4.4638634	Ġmamm	['dairy', 'cow', 'female', 'good', '____']	aff	aff
A cow is a	reptile	-9.850981	Ġrept	['dairy', 'cow', 'female', 'good', '____']	aff	neg
A cow is not a	reptile	-9.37374	Ġrept	['cow', 'person', 'dog', 'horse', 'man']	neg	neg
A cow is not a	mammal	-4.9331007	Ġmamm	['cow', 'person', 'dog', 'horse', 'man']	neg	aff
A cow is an	animal	-0.77238464	Ġanimal	['animal', 'example', 'important', 'equ', 'object']	aff	aff
A cow is a	plant	-6.2304325	Ġplant	['dairy', 'cow', 'female', 'good', '____']	aff	neg
A cow is not a	plant	-4.595373	Ġplant	['cow', 'person', 'dog', 'horse', 'man']	neg	neg
A cow is not an	animal	-0.67840004	Ġanimal	['animal', 'object', 'elephant', 'egg', 'apple']	neg	aff
A fish is a	vertebrate	-7.6492023	Ġverte	['fish', 'small', 'swimming', '', 'type']	aff	aff
A fish is an	invertebrate	-3.5763865	Ġin	['animal', 'aquatic', 'object', 'organism', 'ideal']	aff	neg
A fish is not an	invertebrate	-5.7775345	Ġin	['animal', 'object', 'insect', 'organism', 'island']	neg	neg
A fish is not a	vertebrate	-8.034483	Ġverte	['fish', 'bird', 'person', 'shark', 'cat']	neg	aff
A mosquito is an	insect	-0.40707016	Ġinsect	['insect', 'animal', 'important', 'ar', 'annoying']	aff	aff
A mosquito is a	mammal	-6.011113	Ġmamm	['small', 'tiny', 'mosquito', 'type', 'vector']	aff	neg
A mosquito is not a	mammal	-4.331521	Ġmamm	['mosquito', 'person', 'bug', 'parasite', 'fly']	neg	neg
A mosquito is not an	insect	-0.6242161	Ġinsect	['insect', 'animal', 'organism', 'ant', 'enemy']	neg	aff
A cathedral is a	building	-1.9502678	Ġbuilding	['large', 'church', 'building', 'type', 'kind']	aff	aff
A cathedral is a	bird	-12.405137	Ġbird	['large', 'church', 'building', 'type', 'kind']	aff	neg
A cathedral is not a	bird	-7.6999454	Ġbird	['building', 'church', 'cathedral', 'place', 'single']	neg	neg
A cathedral is not a	building	-2.1053486	Ġbuilding	['building', 'church', 'cathedral', 'place', 'single']	neg	aff
A palace is a	building	-1.4011459	Ġbuilding	['building', 'place', 'large', 'structure', 'type']	aff	aff
A palace is a	bird	-12.077676	Ġbird	['building', 'place', 'large', 'structure', 'type']	aff	neg
A palace is not a	bird	-8.21982	Ġbird	['palace', 'building', 'place', 'house', 'room']	neg	neg
A palace is not a	building	-2.3586617	Ġbuilding	['palace', 'building', 'place', 'house', 'room']	neg	aff
A snake is a	creature	-3.7721539	Ġcreature	['rept', 'snake', 'type', 'kind', 'carniv']	aff	aff
A snake is a	building	-8.521044	Ġbuilding	['rept', 'snake', 'type', 'kind', 'carniv']	aff	neg
A snake is not a	building	-6.604973	Ġbuilding	['snake', 'lizard', 'fish', 'living', 'dog']	neg	neg
A snake is not a	creature	-4.0813904	Ġcreature	['snake', 'lizard', 'fish', 'living', 'dog']	neg	aff
A human is a	vertebrate	-6.604705	Ġverte	['living', 'person', 'being', 'creature', 'complex']	aff	aff
A human is a	plant	-6.1356783	Ġplant	['living', 'person', 'being', 'creature', 'complex']	aff	neg
A human is not a	plant	-5.4041977	Ġplant	['machine', 'computer', 'robot', 'perfect', 'single']	neg	neg
A human is not a	vertebrate	-9.2308	ĠV	['machine', 'computer', 'robot', 'perfect', 'single']	neg	aff
A rat is a	mammal	-3.131878	Ġmamm	['small', 'type', 'mamm', 'rod', 'very']	aff	aff
A rat is a	bird	-7.434081	Ġbird	['small', 'type', 'mamm', 'rod', 'very']	aff	neg
A rat is not a	bird	-4.872118	Ġbird	['rat', 'dog', 'cat', 'mouse', 'person']	neg	neg
A rat is not a	mammal	-4.8996773	Ġmamm	['rat', 'dog', 'cat', 'mouse', 'person']	neg	aff
A fork is a	tool	-1.7026615	Ġtool	['tool', 'device', 'type', 'common', 'fork']	aff	aff
A fork is a	vegetable	-6.818859	Ġvegetable	['tool', 'device', 'type', 'common', 'fork']	aff	neg
A fork is not a	vegetable	-6.229659	Ġvegetable	['fork', 'tool', 'knife', 'screw', 'part']	neg	neg
A fork is not a	tool	-3.4164085	Ġtool	['fork', 'tool', 'knife', 'screw', 'part']	neg	aff
A napkin is a	cloth	-4.6421614	Ġcloth	['piece', 'nap', 'small', 'table', 'paper']	aff	aff
A napkin is a	toy	-11.376607	Ġtoy	['piece', 'nap', 'small', 'table', 'paper']	aff	neg
A napkin is not a	toy	-6.7619305	Ġtoy	['nap', 'good', 'present', 'paper', 'table']	neg	neg
A napkin is not a	cloth	-5.9581547	Ġcloth	['nap', 'good', 'present', 'paper', 'table']	neg	aff
An airplane is a	machine	-5.1743183	Ġmachine	['type', 'special', 'plane', 'moving', 'flying']	aff	aff
An airplane is a	bird	-6.8057346	Ġbird	['type', 'special', 'plane', 'moving', 'flying']	aff	neg
An airplane is not a	bird	-5.1853504	Ġbird	['plane', 'vehicle', 'machine', 'car', 'good']	neg	neg
An airplane is not a	machine	-3.6338568	Ġmachine	['plane', 'vehicle', 'machine', 'car', 'good']	neg	aff
A cucumber is a	fruit	-2.6160097	Ġfruit	['vegetable', 'fruit', 'type', 'plant', 'member']	aff	aff
A cucumber is a	vegetable	-2.279008	Ġvegetable	['vegetable', 'fruit', 'type', 'plant', 'member']	aff	neg
A cucumber is not a	vegetable	-1.7964306	Ġvegetable	['vegetable', 'cucumber', 'fruit', 'plant', 'type']	neg	neg
A cucumber is not a	fruit	-2.1429777	Ġfruit	['vegetable', 'cucumber', 'fruit', 'plant', 'type']	neg	aff
A trout is a	fish	-1.7051735	Ġfish	['fish', 'small', 'freshwater', 'type', 'warm']	aff	aff
A trout is a	plant	-7.1846495	Ġplant	['fish', 'small', 'freshwater', 'type', 'warm']	aff	neg
A trout is not a	plant	-5.460969	Ġplant	['fish', 'trout', 'good', 'salmon', 'mamm']	neg	neg
A trout is not a	fish	-1.542654	Ġfish	['fish', 'trout', 'good', 'salmon', 'mamm']	neg	aff
A rat is an	animal	-0.67814445	Ġanimal	['animal', 'intelligent', 'excellent', 'example', 'omn']	aff	aff
A rat is a	person	-6.954239	Ġperson	['small', 'type', 'mamm', 'rod', 'very']	aff	neg
A rat is not a	person	-3.9264736	Ġperson	['rat', 'dog', 'cat', 'mouse', 'person']	neg	neg
A rat is not an	animal	-0.7153683	Ġanimal	['animal', 'insect', 'object', 'ideal', 'organism']	neg	aff
A chef is a	cook	-3.2581491	Ġcook	['chef', 'professional', 'cook', 'skilled', 'busy']	aff	aff
A chef is a	musician	-6.801152	Ġmusician	['chef', 'professional', 'cook', 'skilled', 'busy']	aff	neg
A chef is not a	musician	-5.446209	Ġmusician	['chef', 'cook', 'person', 'good', 'man']	neg	neg
A chef is not a	cook	-2.6563063	Ġcook	['chef', 'cook', 'person', 'good', 'man']	neg	aff
A doctor is a	professional	-2.0667286	Ġprofessional	['person', 'medical', 'professional', 'doctor', 'physician']	aff	aff
A doctor is a	toy	-16.360846	Ġtoy	['person', 'medical', 'professional', 'doctor', 'physician']	aff	neg
A doctor is not a	toy	-8.414114	Ġtoy	['doctor', 'person', 'patient', 'nurse', 'professional']	neg	neg
A doctor is not a	professional	-4.110692	Ġprofessional	['doctor', 'person', 'patient', 'nurse', 'professional']	neg	aff
A lawyer is an	attorney	-2.7165012	Ġattorney	['individual', 'expert', 'attorney', 'advocate', 'important']	aff	aff
A lawyer is a	plumber	-12.09801	Ġplumber	['person', 'professional', 'lawyer', 'man', 'legal']	aff	neg
A lawyer is not a	plumber	-7.2914705	Ġplumber	['person', 'lawyer', 'doctor', 'professional', 'judge']	neg	neg
A lawyer is not an	attorney	-2.8725948	Ġattorney	['expert', 'attorney', 'ordinary', 'employee', 'official']	neg	aff
A teacher is an	educator	-3.1781826	Ġeducator	['important', 'employee', 'individual', 'educator', 'expert']	aff	aff
A teacher is a	cashier	-8.819369	Ġcashier	['person', 'teacher', 'professional', 'student', 'kind']	aff	neg
A teacher is not a	cashier	-8.86007	Ġcashier	['teacher', 'person', 'good', 'perfect', 'student']	neg	neg
A teacher is not an	educator	-4.2451982	Ġeducator	['expert', 'authority', 'object', 'employee', 'ordinary']	neg	aff
A textbook is a	book	-1.8200378	Ġbook	['book', 'collection', 'type', 'physical', 'set']	aff	aff
A textbook is a	flower	-11.893555	Ġflower	['book', 'collection', 'type', 'physical', 'set']	aff	neg
A textbook is not a	flower	-9.900258	Ġflower	['book', 'textbook', 'physical', 'good', 'product']	neg	neg
A textbook is not a	book	-1.6023464	Ġbook	['book', 'textbook', 'physical', 'good', 'product']	neg	aff
A lotus is a	flower	-3.18013	Ġflower	['type', 'beautiful', 'flower', 'symbol', 'common']	aff	aff
A lotus is an	insect	-4.9733353	Ġinsect	['aquatic', 'ancient', 'orn', 'important', 'excellent']	aff	neg
A lotus is not an	insect	-3.3796844	Ġinsect	['ordinary', 'island', 'animal', 'insect', 'object']	neg	neg
A lotus is not a	flower	-3.430128	Ġflower	['tree', 'lot', 'square', 'single', 'plant']	neg	aff
A frog is an	animal	-1.0611401	Ġanimal	['animal', 'inch', 'insect', 'interesting', 'alien']	aff	aff
A frog is a	toy	-9.598542	Ġtoy	['frog', 'certain', 'tad', 'bug', 'pond']	aff	neg
A frog is not a	toy	-8.295236	Ġtoy	['frog', 'turtle', 'fish', 'lizard', 'bug']	neg	neg
A frog is not an	animal	-1.2708378	Ġanimal	['animal', 'amphib', 'insect', 'egg', 'apple']	neg	aff
A petunia is a	flower	-1.8859673	Ġflower	['flower', 'flowering', 'type', 'plant', 'small']	aff	aff
A petunia is a	person	-8.67896	Ġperson	['flower', 'flowering', 'type', 'plant', 'small']	aff	neg
A petunia is not a	person	-6.068018	Ġperson	['flower', 'pet', 'plant', 'dog', 'true']	neg	neg
A petunia is not a	flower	-1.9995422	Ġflower	['flower', 'pet', 'plant', 'dog', 'true']	neg	aff
A kitchen is a	room	-2.0297108	Ġroom	['place', 'room', 'space', 'common', 'kitchen']	aff	aff
A kitchen is a	house	-6.1635256	Ġhouse	['place', 'room', 'space', 'common', 'kitchen']	aff	neg
A kitchen is not a	house	-4.7087593	Ġhouse	['place', 'kitchen', 'room', 'simple', 'space']	neg	neg
A kitchen is not a	room	-2.768774	Ġroom	['place', 'kitchen', 'room', 'simple', 'space']	neg	aff
A sunflower is a	flower	-3.2226906	Ġflower	['plant', 'type', 'very', 'flower', 'beautiful']	aff	aff
A sunflower is a	fruit	-9.201967	Ġfruit	['plant', 'type', 'very', 'flower', 'beautiful']	aff	neg
A sunflower is not a	fruit	-5.382002	Ġfruit	['plant', 'flower', 'perfect', 'star', 'single']	neg	neg
A sunflower is not a	flower	-2.753868	Ġflower	['plant', 'flower', 'perfect', 'star', 'single']	neg	aff
A blade is a	tool	-3.9474335	Ġtool	['thin', 'part', 'device', 'slender', 'piece']	aff	aff
A blade is a	building	-7.7120075	Ġbuilding	['thin', 'part', 'device', 'slender', 'piece']	aff	neg
A blade is not a	building	-7.5239134	Ġbuilding	['blade', 'single', 'simple', 'straight', 'part']	neg	neg
A blade is not a	tool	-4.157401	Ġtool	['blade', 'single', 'simple', 'straight', 'part']	neg	aff
A celery is a	vegetable	-2.87249	Ġvegetable	['small', 'type', 'vegetable', 'celery', 'plant']	aff	aff
A celery is a	legume	-6.2739954	Ġleg	['small', 'type', 'vegetable', 'celery', 'plant']	aff	neg
A celery is not a	legume	-6.641779	Ġleg	['vegetable', 'celery', 'plant', 'carrot', 'single']	neg	neg
A celery is not a	vegetable	-2.1928024	Ġvegetable	['vegetable', 'celery', 'plant', 'carrot', 'single']	neg	aff
A cherry is a	fruit	-1.3921871	Ġfruit	['fruit', 'cherry', 'small', 'type', 'sweet']	aff	aff
A cherry is a	nut	-6.42793	Ġnut	['fruit', 'cherry', 'small', 'type', 'sweet']	aff	neg
A cherry is not a	nut	-5.8537426	Ġnut	['cherry', 'fruit', 'tree', 'type', 'berry']	neg	neg
A cherry is not a	fruit	-1.789753	Ġfruit	['cherry', 'fruit', 'tree', 'type', 'berry']	neg	aff
A peach is a	fruit	-1.9460754	Ġfruit	['fruit', 'type', 'small', 'sweet', 'peach']	aff	aff
A peach is a	meat	-8.364225	Ġmeat	['fruit', 'type', 'small', 'sweet', 'peach']	aff	neg
A peach is not a	meat	-8.226	Ġmeat	['peach', 'fruit', 'type', 'pear', 'good']	neg	neg
A peach is not a	fruit	-2.7750835	Ġfruit	['peach', 'fruit', 'type', 'pear', 'good']	neg	aff
A giraffe is a	mammal	-2.7892208	Ġmamm	['plant', 'type', 'mamm', 'large', 'gir']	aff	aff
A giraffe is a	bird	-5.447916	Ġbird	['plant', 'type', 'mamm', 'large', 'gir']	aff	neg
A giraffe is not a	bird	-4.3446007	Ġbird	['gir', 'person', 'plant', 'horse', 'bird']	neg	neg
A giraffe is not a	mammal	-4.705452	Ġmamm	['gir', 'person', 'plant', 'horse', 'bird']	neg	aff
A leopard is a	mammal	-4.9571857	Ġmamm	['big', 'large', 'carniv', 'cat', 'wild']	aff	aff
A leopard is a	reptile	-5.4199924	Ġrept	['big', 'large', 'carniv', 'cat', 'wild']	aff	neg
A leopard is not a	reptile	-7.06264	Ġrept	['leopard', 'cat', 'dog', 'tiger', 'lion']	neg	neg
A leopard is not a	mammal	-6.6970825	Ġmamm	['leopard', 'cat', 'dog', 'tiger', 'lion']	neg	aff
A penguin is a	bird	-1.3964882	Ġbird	['bird', 'type', 'large', 'p', 'small']	aff	aff
A penguin is a	number	-7.8357334	Ġnumber	['bird', 'type', 'large', 'p', 'small']	aff	neg
A penguin is not a	number	-6.888097	Ġnumber	['p', 'bird', 'person', 'fish', 'duck']	neg	neg
A penguin is not a	bird	-2.2032757	Ġbird	['p', 'bird', 'person', 'fish', 'duck']	neg	aff
An orange is a	fruit	-2.90024	Ġfruit	['fruit', 'type', 'red', 'color', 'sweet']	aff	aff
An orange is a	drink	-7.0893345	Ġdrink	['fruit', 'type', 'red', 'color', 'sweet']	aff	neg
An orange is not a	drink	-5.5986834	Ġdrink	['fruit', 'red', 'banana', 'color', 'vegetable']	neg	neg
An orange is not a	fruit	-2.2502613	Ġfruit	['fruit', 'red', 'banana', 'color', 'vegetable']	neg	aff
A bike is a	vehicle	-2.8829842	Ġvehicle	['vehicle', 'two', 'machine', '', 'type']	aff	aff
A bike is a	tree	-11.679489	Ġtree	['vehicle', 'two', 'machine', '', 'type']	aff	neg
A bike is not a	tree	-7.961773	Ġtree	['car', 'vehicle', 'bicycle', 'bike', 'toy']	neg	neg
A bike is not a	vehicle	-2.642889	Ġvehicle	['car', 'vehicle', 'bicycle', 'bike', 'toy']	neg	aff
A turkey is a	bird	-1.6598148	Ġbird	['bird', 'type', 'large', 'small', 'chicken']	aff	aff
A turkey is an	animal	-1.7291393	Ġanimal	['animal', 'egg', 'important', 'example', 'odd']	aff	neg
A turkey is not an	animal	-1.7350616	Ġanimal	['animal', 'egg', 'apple', 'object', 'actual']	neg	neg
A turkey is not a	bird	-1.9790621	Ġbird	['bird', 'turkey', 'chicken', 'good', 'dog']	neg	aff
A dolphin is a	mammal	-2.897112	Ġmamm	['marine', 'type', 'mamm', 'dolphin', 'large']	aff	aff
A dolphin is a	reptile	-7.270509	Ġrept	['marine', 'type', 'mamm', 'dolphin', 'large']	aff	neg
A dolphin is not a	reptile	-6.11195	Ġrept	['fish', 'mamm', 'dolphin', 'shark', 'whale']	neg	neg
A dolphin is not a	mammal	-3.041768	Ġmamm	['fish', 'mamm', 'dolphin', 'shark', 'whale']	neg	aff
A bluebird is a	bird	-0.6601181	Ġbird	['bird', 'small', 'type', 'song', 'blue']	aff	aff
A bluebird is a	color	-6.51781	Ġcolor	['bird', 'small', 'type', 'song', 'blue']	aff	neg
A bluebird is not a	color	-6.434971	Ġcolor	['bird', 'blue', 'dog', 'good', '____']	neg	neg
A bluebird is not a	bird	-1.004612	Ġbird	['bird', 'blue', 'dog', 'good', '____']	neg	aff
A willow is a	tree	-2.3798103	Ġtree	['tree', 'decid', 'plant', 'small', 'type']	aff	aff
A willow is a	tool	-10.002154	Ġtool	['tree', 'decid', 'plant', 'small', 'type']	aff	neg
A willow is not a	tool	-6.9224606	Ġtool	['tree', 'plant', 'type', 'flower', 'single']	neg	neg
A willow is not a	tree	-2.0541992	Ġtree	['tree', 'plant', 'type', 'flower', 'single']	neg	aff
A glass is a	container	-2.6265316	Ġcontainer	['container', 'transparent', 'glass', 'type', 'thin']	aff	aff
A glass is a	plant	-9.817001	Ġplant	['container', 'transparent', 'glass', 'type', 'thin']	aff	neg
A glass is not a	plant	-8.766778	Ġplant	['glass', 'solid', 'container', 'good', 'perfect']	neg	neg
A glass is not a	container	-3.4441643	Ġcontainer	['glass', 'solid', 'container', 'good', 'perfect']	neg	aff
A bear is a	mammal	-5.554023	Ġmamm	['bear', 'very', 'big', 'hungry', 'hunter']	aff	aff
A bear is a	reptile	-11.000111	Ġrept	['bear', 'very', 'big', 'hungry', 'hunter']	aff	neg
A bear is not a	reptile	-7.0809603	Ġrept	['bear', 'dog', 'mamm', 'person', 'bird']	neg	neg
A bear is not a	mammal	-3.5125856	Ġmamm	['bear', 'dog', 'mamm', 'person', 'bird']	neg	aff
A glider is an	aircraft	-0.7478657	Ġaircraft	['aircraft', 'air', 'object', 'airplane', 'aer']	aff	aff
A glider is a	building	-8.3614645	Ġbuilding	['small', 'type', 'vehicle', 'lightweight', 'gl']	aff	neg
A glider is not a	building	-7.311365	Ġbuilding	['rocket', 'real', 'perfect', 'projectile', 'true']	neg	neg
A glider is not an	aircraft	-2.9125214	Ġaircraft	['object', 'airplane', 'ideal', 'aircraft', 'actual']	neg	aff
A helicopter is an	aircraft	-0.7898884	Ġaircraft	['aircraft', 'air', 'unmanned', 'aerial', 'aer']	aff	aff
A helicopter is a	mammal	-11.487967	ĠM	['type', 'large', 'small', 'multi', 'rotor']	aff	neg
A helicopter is not a	mammal	-9.50208	ĠM	['helicopter', 'flying', 'real', 'machine', 'very']	neg	neg
A helicopter is not an	aircraft	-2.3731308	Ġaircraft	['ideal', 'airplane', 'aircraft', 'object', 'air']	neg	aff
A blender is a	machine	-2.0123177	Ġmachine	['device', 'machine', 'kitchen', 'tool', 'mechanical']	aff	aff
A blender is a	toy	-7.129059	Ġtoy	['device', 'machine', 'kitchen', 'tool', 'mechanical']	aff	neg
A blender is not a	toy	-3.5511246	Ġtoy	['blender', 'machine', 'tool', 'toy', 'good']	neg	neg
A blender is not a	machine	-3.2506943	Ġmachine	['blender', 'machine', 'tool', 'toy', 'good']	neg	aff
A toaster is a	machine	-3.7339067	Ġmachine	['device', 'common', 'toaster', 'type', 'small']	aff	aff
A toaster is a	food	-5.998267	Ġfood	['device', 'common', 'toaster', 'type', 'small']	aff	neg
A toaster is not a	food	-5.7282257	Ġfood	['toaster', 'good', 'device', 'machine', 'refrigerator']	neg	neg
A toaster is not a	machine	-3.338395	Ġmachine	['toaster', 'good', 'device', 'machine', 'refrigerator']	neg	aff
A phone is an	appliance	-5.0469856	Ġappliance	['electronic', 'important', 'expensive', 'object', 'essential']	aff	aff
A phone is a	mammal	-10.595853	ĠM	['device', 'piece', 'phone', 'mobile', 'small']	aff	neg
A phone is not a	mammal	-9.998636	ĠM	['phone', 'smartphone', 'good', 'toy', 'device']	neg	neg
A phone is not an	appliance	-5.1773586	Ġappliance	['object', 'iPhone', 'expensive', 'item', 'ordinary']	neg	aff
A toy is a	thing	-5.4018583	Ġthing	['small', 'toy', 'piece', 'device', 'type']	aff	aff
A toy is a	bird	-9.322371	Ġbird	['small', 'toy', 'piece', 'device', 'type']	aff	neg
A toy is not a	bird	-7.301902	Ġbird	['toy', 'real', 'good', 'product', 'machine']	neg	neg
A toy is not a	thing	-4.1386633	Ġthing	['toy', 'real', 'good', 'product', 'machine']	neg	aff
A novel is a	book	-2.0382366	Ġbook	['collection', 'book', 'work', 'literary', 'novel']	aff	aff
A novel is a	film	-6.323798	Ġfilm	['collection', 'book', 'work', 'literary', 'novel']	aff	neg
A novel is not a	film	-6.173255	Ġfilm	['book', 'novel', 'work', 'collection', 'story']	neg	neg
A novel is not a	book	-1.7119541	Ġbook	['book', 'novel', 'work', 'collection', 'story']	neg	aff
A drum is an	instrument	-3.0130463	Ġinstrument	['important', 'object', 'ancient', 'essential', 'instrument']	aff	aff
A drum is a	toy	-7.450964	Ġtoy	['cylindrical', 'simple', 'drum', 'circular', 'common']	aff	neg
A drum is not a	toy	-5.638275	Ġtoy	['solid', 'simple', 'cylinder', 'drum', 'perfect']	neg	neg
A drum is not an	instrument	-3.5665598	Ġinstrument	['object', 'ideal', 'actual', 'instrument', 'engine']	neg	aff
A movie is an	entertainment	-4.072069	Ġentertainment	['example', 'hour', 'interesting', '', 'investment']	aff	aff
A movie is a	person	-7.098936	Ġperson	['', 'good', 'movie', 'special', 'great']	aff	neg
A movie is not a	person	-6.009513	Ġperson	['movie', 'good', 'film', 'bad', 'book']	neg	neg
A movie is not an	entertainment	-3.8039026	Ġentertainment	['easy', 'object', 'instant', 'experience', 'action']	neg	aff
A house is a	dwelling	-5.878994	Ġdwelling	['building', 'place', '', 'house', 'good']	aff	aff
A house is a	waterway	-9.896057	Ġwater	['building', 'place', '', 'house', 'good']	aff	neg
A house is not a	waterway	-9.537521	Ġwater	['house', 'place', 'building', 'home', 'single']	neg	neg
A house is not a	dwelling	-4.6677237	Ġdwelling	['house', 'place', 'building', 'home', 'single']	neg	aff
A river is a	waterway	-4.907034	Ġwater	['river', '', 'rectangular', 'channel', 'straight']	aff	aff
A river is a	mountain	-8.838609	Ġmountain	['river', '', 'rectangular', 'channel', 'straight']	aff	neg
A river is not a	mountain	-7.0795794	Ġmountain	['river', 'straight', 'natural', 'lake', 'closed']	neg	neg
A river is not a	waterway	-5.0635853	Ġwater	['river', 'straight', 'natural', 'lake', 'closed']	neg	aff
A girl is a	person	-4.134695	Ġperson	['girl', 'boy', 'little', 'good', 'child']	aff	aff
A girl is a	boy	-3.3525553	Ġboy	['girl', 'boy', 'little', 'good', 'child']	aff	neg
A girl is not a	boy	-2.2085533	Ġboy	['girl', 'boy', 'child', 'person', 'man']	neg	neg
A girl is not a	person	-3.447731	Ġperson	['girl', 'boy', 'child', 'person', 'man']	neg	aff
A steak is a	food	-4.8772182	Ġfood	['steak', 'cut', 'type', 'piece', 'meat']	aff	aff
A steak is a	flower	-12.175619	Ġflower	['steak', 'cut', 'type', 'piece', 'meat']	aff	neg
A steak is not a	flower	-8.479373	Ġflower	['steak', 'good', 'hamburger', 'meat', 'hot']	neg	neg
A steak is not a	food	-5.551259	Ġfood	['steak', 'good', 'hamburger', 'meat', 'hot']	neg	aff
A shoe is a	clothing	-7.1286383	Ġclothing	['pair', 'piece', 'small', 'shoe', 'good']	aff	aff
A shoe is a	furniture	-7.793768	Ġfurniture	['pair', 'piece', 'small', 'shoe', 'good']	aff	neg
A shoe is not a	furniture	-7.9585686	Ġfurniture	['shoe', 'good', 'toy', 'pair', 'product']	neg	neg
A shoe is not a	clothing	-7.10476	Ġclothing	['shoe', 'good', 'toy', 'pair', 'product']	neg	aff
A computer is an	equipment	-6.3392687	Ġequipment	['electronic', 'important', 'information', 'essential', 'electrical']	aff	aff
A computer is a	drink	-17.46344	Ġdrink	['device', 'machine', 'special', 'type', 'digital']	aff	neg
A computer is not a	drink	-12.184873	Ġdrink	['machine', 'device', 'single', 'computer', 'physical']	neg	neg
A computer is not an	equipment	-7.4074354	Ġequipment	['object', 'electronic', 'entity', 'artificial', 'exact']	neg	aff
A mouse is a	rodent	-4.7522717	Ġrod	['small', 'mouse', 'type', 'very', 'creature']	aff	aff
A mouse is a	bird	-7.691284	Ġbird	['small', 'mouse', 'type', 'very', 'creature']	aff	neg
A mouse is not a	bird	-4.390009	Ġbird	['mouse', 'cat', 'dog', 'computer', 'good']	neg	neg
A mouse is not a	rodent	-6.26867	Ġrod	['mouse', 'cat', 'dog', 'computer', 'good']	neg	aff
A nail is a	metal	-4.334404	Ġmetal	['small', 'common', 'hard', 'very', 'tiny']	aff	aff
A nail is a	paper	-10.678205	Ġpaper	['small', 'common', 'hard', 'very', 'tiny']	aff	neg
A nail is not a	paper	-8.487881	Ġpaper	['nail', 'part', 'good', 'tool', 'ball']	neg	neg
A nail is not a	metal	-4.7511473	Ġmetal	['nail', 'part', 'good', 'tool', 'ball']	neg	aff
A driver is a	person	-1.594574	Ġperson	['person', 'vehicle', 'type', 'man', 'professional']	aff	aff
A driver is a	machine	-5.146862	Ġmachine	['person', 'vehicle', 'type', 'man', 'professional']	aff	neg
A driver is not a	machine	-5.7015467	Ġmachine	['person', 'good', 'passenger', 'driver', 'professional']	neg	neg
A driver is not a	person	-2.4047232	Ġperson	['person', 'good', 'passenger', 'driver', 'professional']	neg	aff
A lake is a	pond	-4.2884636	Ġpond	['rectangular', 'lake', 'circular', 'large', 'body']	aff	aff
A lake is a	mountain	-9.33516	Ġmountain	['rectangular', 'lake', 'circular', 'large', 'body']	aff	neg
A lake is not a	mountain	-6.5270395	Ġmountain	['lake', 'place', 'perfect', 'good', 'body']	neg	neg
A lake is not a	pond	-4.271661	Ġpond	['lake', 'place', 'perfect', 'good', 'body']	neg	aff
A duck is an	animal	-2.1352139	Ġanimal	['animal', 'example', 'aquatic', 'ideal', 'object']	aff	aff
A duck is a	fruit	-8.618272	Ġfruit	['duck', 'bird', 'type', 'swimming', 'kind']	aff	neg
A duck is not a	fruit	-7.43013	Ġfruit	['duck', 'bird', 'goose', 'fish', 'chicken']	neg	neg
A duck is not an	animal	-0.9166813	Ġanimal	['animal', 'object', 'egg', 'insect', 'elephant']	neg	aff
A mackerel is a	fish	-1.7978687	Ġfish	['type', 'fish', 'small', 'large', 'kind']	aff	aff
A mackerel is a	bird	-9.384183	Ġbird	['type', 'fish', 'small', 'large', 'kind']	aff	neg
A mackerel is not a	bird	-5.6549873	Ġbird	['fish', 'm', 'shark', 'type', 'good']	neg	neg
A mackerel is not a	fish	-1.802062	Ġfish	['fish', 'm', 'shark', 'type', 'good']	neg	aff
A vase is a	decoration	-7.3157616	Ġdecoration	['container', 'rectangular', 'piece', 'circular', 'gift']	aff	aff
A vase is a	tool	-6.59027	Ġtool	['container', 'rectangular', 'piece', 'circular', 'gift']	aff	neg
A vase is not a	tool	-6.0313034	Ġtool	['vase', 'container', 'vessel', 'flower', 'piece']	neg	neg
A vase is not a	decoration	-7.3650913	Ġdecoration	['vase', 'container', 'vessel', 'flower', 'piece']	neg	aff
A cat is a	carnivore	-3.0647583	Ġcarniv	['cat', 'carniv', 'small', 'f', '']	aff	aff
A cat is a	herbivore	-6.464013	Ġherb	['cat', 'carniv', 'small', 'f', '']	aff	neg
A cat is not a	herbivore	-8.40805	Ġherb	['dog', 'cat', 'mouse', 'bird', 'rabbit']	neg	neg
A cat is not a	carnivore	-7.709154	Ġcarniv	['dog', 'cat', 'mouse', 'bird', 'rabbit']	neg	aff
A school is a	place	-2.216713	Ġplace	['place', 'group', 'building', 'city', 'large']	aff	aff
A school is a	device	-8.741016	Ġdevice	['place', 'group', 'building', 'city', 'large']	aff	neg
A school is not a	device	-9.318108	Ġdevice	['place', 'physical', 'perfect', 'building', 'good']	neg	neg
A school is not a	place	-1.0441818	Ġplace	['place', 'physical', 'perfect', 'building', 'good']	neg	aff
A python is a	snake	-4.441478	Ġsnake	['type', 'small', 'bird', 'rept', 'member']	aff	aff
A python is a	mammal	-4.0864067	Ġmamm	['type', 'small', 'bird', 'rept', 'member']	aff	neg
A python is not a	mammal	-5.0218134	Ġmamm	['type', 'bird', 'computer', 'snake', 'dog']	neg	neg
A python is not a	snake	-3.9925842	Ġsnake	['type', 'bird', 'computer', 'snake', 'dog']	neg	aff
A hawk is an	animal	-1.283041	Ġanimal	['animal', 'eagle', 'aerial', 'insect', 'agile']	aff	aff
A hawk is a	reptile	-7.370099	Ġrept	['bird', 'predator', 'small', 'type', 'large']	aff	neg
A hawk is not a	reptile	-7.6548386	Ġrept	['bird', 'hawk', 'dog', 'bad', 'dove']	neg	neg
A hawk is not an	animal	-1.7913761	Ġanimal	['animal', 'eagle', 'insect', 'enemy', 'example']	neg	aff
A beach is a	place	-2.5028353	Ġplace	['large', 'place', 'sandy', 'beach', 'natural']	aff	aff
A beach is an	ocean	-3.7437668	Ġocean	['area', 'open', 'important', 'outdoor', 'ideal']	aff	neg
A beach is not an	ocean	-3.7364235	Ġocean	['island', 'ideal', 'easy', 'isolated', 'empty']	neg	neg
A beach is not a	place	-2.1335316	Ġplace	['beach', 'place', 'desert', 'natural', 'perfect']	neg	aff
A carnation is a	flower	-1.153429	Ġflower	['flower', 'type', 'beautiful', 'pink', 'small']	aff	aff
A carnation is a	bee	-7.685581	Ġbee	['flower', 'type', 'beautiful', 'pink', 'small']	aff	neg
A carnation is not a	bee	-7.5108204	Ġbee	['rose', 'flower', 'carn', 'plant', 'real']	neg	neg
A carnation is not a	flower	-1.7955647	Ġflower	['rose', 'flower', 'carn', 'plant', 'real']	neg	aff
A shoe is a	footwear	-5.7177935	Ġfootwear	['pair', 'piece', 'small', 'shoe', 'good']	aff	aff
A shoe is a	tool	-5.6624527	Ġtool	['pair', 'piece', 'small', 'shoe', 'good']	aff	neg
A shoe is not a	tool	-4.923826	Ġtool	['shoe', 'good', 'toy', 'pair', 'product']	neg	neg
A shoe is not a	footwear	-5.9596767	Ġfootwear	['shoe', 'good', 'toy', 'pair', 'product']	neg	aff
A sailboat is a	watercraft	-3.1990967	Ġwater	['boat', 'vessel', 'small', 'craft', 'water']	aff	aff
A sailboat is a	building	-8.689235	Ġbuilding	['boat', 'vessel', 'small', 'craft', 'water']	aff	neg
A sailboat is not a	building	-7.3505154	Ġbuilding	['perfect', 'boat', 'ship', 'rigid', 'single']	neg	neg
A sailboat is not a	watercraft	-6.5647087	Ġwater	['perfect', 'boat', 'ship', 'rigid', 'single']	neg	aff
A clown is a	performer	-4.5174713	Ġperformer	['clown', 'character', 'circus', 'man', 'professional']	aff	aff
A clown is a	doctor	-9.218014	Ġdoctor	['clown', 'character', 'circus', 'man', 'professional']	aff	neg
A clown is not a	doctor	-6.698966	Ġdoctor	['clown', 'good', 'bad', 'person', 'real']	neg	neg
A clown is not a	performer	-6.5445957	Ġperformer	['clown', 'good', 'bad', 'person', 'real']	neg	aff
A dog is a	pet	-4.5668726	Ġpet	['dog', 'member', 'special', 'man', '']	aff	aff
A dog is a	fruit	-10.240057	Ġfruit	['dog', 'member', 'special', 'man', '']	aff	neg
A dog is not a	fruit	-8.00488	Ġfruit	['dog', 'cat', 'human', 'bird', 'person']	neg	neg
A dog is not a	pet	-5.711693	Ġpet	['dog', 'cat', 'human', 'bird', 'person']	neg	aff
A plate is an	utensil	-14.843027	ĠUt	['object', 'area', 'equ', 'irregular', 'open']	aff	aff
A plate is a	toy	-8.855674	Ġtoy	['square', 'flat', 'rectangular', 'rectangle', '']	aff	neg
A plate is not a	toy	-7.552847	Ġtoy	['square', 'flat', 'solid', 'perfect', 'plate']	neg	neg
A plate is not an	utensil	-13.610802	Ġutens	['object', 'ideal', 'actual', 'island', 'element']	neg	aff
A rose is a	plant	-2.1831093	Ġplant	['flower', 'rose', 'plant', 'beautiful', 'symbol']	aff	aff
A rose is a	bird	-9.16757	Ġbird	['flower', 'rose', 'plant', 'beautiful', 'symbol']	aff	neg
A rose is not a	bird	-8.378572	Ġbird	['rose', 'flower', 'plant', 'tree', 'person']	neg	neg
A rose is not a	plant	-4.8823624	Ġplant	['rose', 'flower', 'plant', 'tree', 'person']	neg	aff
A vase is a	container	-3.159545	Ġcontainer	['container', 'rectangular', 'piece', 'circular', 'gift']	aff	aff
A vase is a	bird	-8.285696	Ġbird	['container', 'rectangular', 'piece', 'circular', 'gift']	aff	neg
A vase is not a	bird	-6.080512	Ġbird	['vase', 'container', 'vessel', 'flower', 'piece']	neg	neg
A vase is not a	container	-3.7375622	Ġcontainer	['vase', 'container', 'vessel', 'flower', 'piece']	neg	aff
A linnet is a	bird	-1.2898121	Ġbird	['small', 'bird', 'type', 'large', 'song']	aff	aff
A linnet is a	flower	-11.012468	Ġflower	['small', 'bird', 'type', 'large', 'song']	aff	neg
A linnet is not a	flower	-7.553957	Ġflower	['bird', 'true', 'fish', 'tree', 'real']	neg	neg
A linnet is not a	bird	-1.2295856	Ġbird	['bird', 'true', 'fish', 'tree', 'real']	neg	aff
A wasp is an	insect	-0.25305176	Ġinsect	['insect', 'animal', 'ar', 'in', 'important']	aff	aff
A wasp is a	mammal	-6.911378	Ġmamm	['social', 'small', 'type', 'kind', 'flying']	aff	neg
A wasp is not a	mammal	-4.739916	Ġmamm	['bee', 'bird', 'person', 'bug', 'very']	neg	neg
A wasp is not an	insect	-0.43416214	Ġinsect	['insect', 'animal', 'enemy', 'ant', 'alien']	neg	aff
A jigsaw is a	tool	-3.4587288	Ġtool	['puzzle', 'type', 'piece', 'game', 'tool']	aff	aff
A jigsaw is a	toy	-5.894683	Ġtoy	['puzzle', 'type', 'piece', 'game', 'tool']	aff	neg
A jigsaw is not a	toy	-4.3828716	Ġtoy	['puzzle', 'piece', 'j', 'simple', 'game']	neg	neg
A jigsaw is not a	tool	-4.104024	Ġtool	['puzzle', 'piece', 'j', 'simple', 'game']	neg	aff
A fig is a	fruit	-1.2422256	Ġfruit	['fruit', 'small', 'type', 'sweet', 'kind']	aff	aff
A fig is a	chair	-14.433651	Ġchair	['fruit', 'small', 'type', 'sweet', 'kind']	aff	neg
A fig is not a	chair	-8.574431	Ġchair	['fruit', 'fig', 'tree', 'vegetable', 'plant']	neg	neg
A fig is not a	fruit	-1.330492	Ġfruit	['fruit', 'fig', 'tree', 'vegetable', 'plant']	neg	aff
A sailboat is a	vessel	-2.2935963	Ġvessel	['boat', 'vessel', 'small', 'craft', 'water']	aff	aff
A sailboat is a	box	-9.052566	Ġbox	['boat', 'vessel', 'small', 'craft', 'water']	aff	neg
A sailboat is not a	box	-5.9892387	Ġbox	['perfect', 'boat', 'ship', 'rigid', 'single']	neg	neg
A sailboat is not a	vessel	-4.7650414	Ġvessel	['perfect', 'boat', 'ship', 'rigid', 'single']	neg	aff
A sword is a	weapon	-2.01272	Ġweapon	['weapon', 'type', 'long', 'tool', 'piece']	aff	aff
A sword is a	flower	-11.606081	Ġflower	['weapon', 'type', 'long', 'tool', 'piece']	aff	neg
A sword is not a	flower	-7.7042484	Ġflower	['weapon', 'sword', 'tool', 'toy', 'good']	neg	neg
A sword is not a	weapon	-1.2413025	Ġweapon	['weapon', 'sword', 'tool', 'toy', 'good']	neg	aff
A trumpet is an	instrument	-0.7371578	Ġinstrument	['instrument', 'air', 'important', 'organ', 'ancient']	aff	aff
A trumpet is a	rock	-11.314486	Ġrock	['musical', 'large', 'type', 'brass', 'cylindrical']	aff	neg
A trumpet is not a	rock	-8.000805	Ġrock	['trumpet', 'musical', 'single', 'flute', 'horn']	neg	neg
A trumpet is not an	instrument	-0.61296844	Ġinstrument	['instrument', 'object', 'organ', 'easy', 'exact']	neg	aff
A pot is a	vessel	-3.2446184	Ġvessel	['container', 'vessel', 'cylindrical', 'rectangular', 'cylinder']	aff	aff
A pot is a	tool	-5.5797167	Ġtool	['container', 'vessel', 'cylindrical', 'rectangular', 'cylinder']	aff	neg
A pot is not a	tool	-4.9941616	Ġtool	['pot', 'container', 'good', 'cup', 'vessel']	neg	neg
A pot is not a	vessel	-4.093048	Ġvessel	['pot', 'container', 'good', 'cup', 'vessel']	neg	aff
A tomato is a	fruit	-2.0829792	Ġfruit	['fruit', 'plant', 'small', 'type', 'member']	aff	aff
A tomato is a	candy	-11.337482	Ġcandy	['fruit', 'plant', 'small', 'type', 'member']	aff	neg
A tomato is not a	candy	-7.8071976	Ġcandy	['tomato', 'fruit', 'vegetable', 'plant', 'good']	neg	neg
A tomato is not a	fruit	-2.512598	Ġfruit	['tomato', 'fruit', 'vegetable', 'plant', 'good']	neg	aff
A clock is a	timepiece	-3.122837	Ġtime	['device', '', 'time', 'mechanical', 'circular']	aff	aff
A clock is a	fruit	-10.195911	Ġfruit	['device', '', 'time', 'mechanical', 'circular']	aff	neg
A clock is not a	fruit	-8.163936	Ġfruit	['perfect', 'clock', 'good', 'device', 'machine']	neg	neg
A clock is not a	timepiece	-4.2358246	Ġtime	['perfect', 'clock', 'good', 'device', 'machine']	neg	aff
An alligator is a	reptile	-2.082594	Ġrept	['large', 'rept', 'type', 'semi', 'freshwater']	aff	aff
An alligator is a	mammal	-5.4489946	Ġmamm	['large', 'rept', 'type', 'semi', 'freshwater']	aff	neg
An alligator is not a	mammal	-4.3684797	Ġmamm	['turtle', 'fish', 'frog', 'rept', 'bird']	neg	neg
An alligator is not a	reptile	-3.6279602	Ġrept	['turtle', 'fish', 'frog', 'rept', 'bird']	neg	aff
A strawberry is a	fruit	-1.3417034	Ġfruit	['fruit', 'berry', 'small', 'type', 'plant']	aff	aff
A strawberry is a	vegetable	-6.149085	Ġvegetable	['fruit', 'berry', 'small', 'type', 'plant']	aff	neg
A strawberry is not a	vegetable	-5.097681	Ġvegetable	['strawberry', 'fruit', 'berry', 'good', 'tomato']	neg	neg
A strawberry is not a	fruit	-2.4652853	Ġfruit	['strawberry', 'fruit', 'berry', 'good', 'tomato']	neg	aff
A eucalyptus is a	tree	-1.774271	Ġtree	['tree', 'type', 'large', 'plant', 'decid']	aff	aff
A eucalyptus is a	river	-10.50589	Ġriver	['tree', 'type', 'large', 'plant', 'decid']	aff	neg
A eucalyptus is not a	river	-8.442024	Ġriver	['tree', 'plant', 'type', 'true', 'fruit']	neg	neg
A eucalyptus is not a	tree	-1.5205612	Ġtree	['tree', 'plant', 'type', 'true', 'fruit']	neg	aff
A pony is an	animal	-0.8883343	Ġanimal	['animal', 'equ', 'exotic', 'offspring', 'elegant']	aff	aff
A pony is a	fruit	-11.268028	Ġfruit	['pony', 'horse', 'type', 'small', 'breed']	aff	neg
A pony is not a	fruit	-8.389037	Ġfruit	['pony', 'horse', 'real', 'dog', 'person']	neg	neg
A pony is not an	animal	-1.0631771	Ġanimal	['animal', 'elephant', 'object', 'actual', 'ordinary']	neg	aff
A puppy is an	animal	-1.2190704	Ġanimal	['animal', 'adorable', 'adult', 'ideal', '']	aff	aff
A puppy is a	human	-5.7494	Ġhuman	['puppy', 'dog', '', 'cute', 'pup']	aff	neg
A puppy is not a	human	-4.882406	Ġhuman	['puppy', 'dog', 'cat', 'baby', 'kitten']	neg	neg
A puppy is not an	animal	-1.4980545	Ġanimal	['animal', 'adult', 'old', 'elephant', 'infant']	neg	aff
A motorcycle is a	vehicle	-1.8497715	Ġvehicle	['vehicle', 'two', 'motor', 'type', 'machine']	aff	aff
A motorcycle is an	animal	-5.480695	Ġanimal	['automobile', 'example', 'important', 'electric', 'essential']	aff	neg
A motorcycle is not an	animal	-4.5093746	Ġanimal	['automobile', 'ideal', 'object', 'expensive', 'ordinary']	neg	neg
A motorcycle is not a	vehicle	-2.6490698	Ġvehicle	['car', 'vehicle', 'bicycle', 'toy', 'good']	neg	aff
A zucchini is a	vegetable	-2.8999825	Ġvegetable	['type', 'vegetable', 'plant', 'small', 'squash']	aff	aff
A zucchini is a	fruit	-3.6926565	Ġfruit	['type', 'vegetable', 'plant', 'small', 'squash']	aff	neg
A zucchini is not a	fruit	-3.0577679	Ġfruit	['z', 'vegetable', 'tomato', 'fruit', 'cucumber']	neg	neg
A zucchini is not a	vegetable	-2.1338596	Ġvegetable	['z', 'vegetable', 'tomato', 'fruit', 'cucumber']	neg	aff
A lion is an	animal	-0.5911808	Ġanimal	['animal', 'endangered', 'apex', 'African', 'important']	aff	aff
A lion is a	bird	-8.401049	Ġbird	['lion', 'big', 'carniv', 'dangerous', 'predator']	aff	neg
A lion is not a	bird	-4.357792	Ġbird	['lion', 'cat', 'dog', 'big', 'tiger']	neg	neg
A lion is not an	animal	-0.62880516	Ġanimal	['animal', 'elephant', 'ant', 'enemy', 'insect']	neg	aff
A hat is a	clothing	-7.2656517	Ġclothing	['hat', 'circular', 'good', 'rectangular', 'piece']	aff	aff
A hat is a	furniture	-8.916034	Ġfurniture	['hat', 'circular', 'good', 'rectangular', 'piece']	aff	neg
A hat is not a	furniture	-9.360067	Ġfurniture	['hat', 'good', 'shirt', 'bag', 'chair']	neg	neg
A hat is not a	clothing	-7.0505896	Ġclothing	['hat', 'good', 'shirt', 'bag', 'chair']	neg	aff
A glass is a	material	-4.6642647	Ġmaterial	['container', 'transparent', 'glass', 'type', 'thin']	aff	aff
A glass is a	man	-7.867549	Ġman	['container', 'transparent', 'glass', 'type', 'thin']	aff	neg
A glass is not a	man	-7.412526	Ġman	['glass', 'solid', 'container', 'good', 'perfect']	neg	neg
A glass is not a	material	-4.4030476	Ġmaterial	['glass', 'solid', 'container', 'good', 'perfect']	neg	aff
A pizza is a	food	-9.961465	Ġfood	['circle', 'circular', 'rectangle', 'square', 'slice']	aff	aff
A pizza is a	drink	-13.2797575	Ġdrink	['circle', 'circular', 'rectangle', 'square', 'slice']	aff	neg
A pizza is not a	drink	-8.733518	Ġdrink	['pizza', 'square', 'cake', 'circle', 'rectangle']	neg	neg
A pizza is not a	food	-6.803437	Ġfood	['pizza', 'square', 'cake', 'circle', 'rectangle']	neg	aff
A game is an	entertainment	-7.395378	Ġentertainment	['activity', 'action', 'event', 'ordered', 'object']	aff	aff
A game is a	person	-6.4554405	Ġperson	['sequence', 'set', 'game', 'series', 'collection']	aff	neg
A game is not a	person	-7.244672	Ġperson	['game', 'good', 'simple', 'real', 'mathematical']	neg	neg
A game is not an	entertainment	-6.0695353	Ġentertainment	['abstract', 'object', 'actual', 'activity', 'easy']	neg	aff
A leopard is an	animal	-0.7161503	Ġanimal	['animal', 'endangered', 'African', 'old', 'exotic']	aff	aff
A leopard is an	amphibian	-6.3432455	Ġamphib	['animal', 'endangered', 'African', 'old', 'exotic']	aff	neg
A leopard is not an	amphibian	-4.8333817	Ġamphib	['animal', 'elephant', 'insect', 'ant', 'island']	neg	neg
A leopard is not an	animal	-1.2484207	Ġanimal	['animal', 'elephant', 'insect', 'ant', 'island']	neg	aff
A giraffe is an	animal	-0.5953903	Ġanimal	['animal', 'adult', 'herb', 'example', 'African']	aff	aff
A giraffe is an	insect	-6.683531	Ġinsect	['animal', 'adult', 'herb', 'example', 'African']	aff	neg
A giraffe is not an	insect	-4.91325	Ġinsect	['animal', 'elephant', 'apple', 'adult', 'example']	neg	neg
A giraffe is not an	animal	-1.2867069	Ġanimal	['animal', 'elephant', 'apple', 'adult', 'example']	neg	aff
A seal is a	mammal	-7.3761215	Ġmamm	['type', 'special', 'seal', 'kind', 'very']	aff	aff
A seal is a	bird	-6.806096	Ġbird	['type', 'special', 'seal', 'kind', 'very']	aff	neg
A seal is not a	bird	-4.820673	Ġbird	['person', 'single', 'perfect', 'good', 'living']	neg	neg
A seal is not a	mammal	-6.4537363	Ġmamm	['person', 'single', 'perfect', 'good', 'living']	neg	aff
A ruler is a	stationary	-9.209208	Ġstationary	['tool', 'straight', 'device', 'measuring', '______']	aff	aff
A ruler is a	toy	-9.327793	Ġtoy	['tool', 'straight', 'device', 'measuring', '______']	aff	neg
A ruler is not a	toy	-6.428669	Ġtoy	['straight', 'ruler', 'tool', 'true', 'good']	neg	neg
A ruler is not a	stationary	-8.681719	Ġstationary	['straight', 'ruler', 'tool', 'true', 'good']	neg	aff
A phone is an	electronics	-5.354562	Ġelectronics	['electronic', 'important', 'expensive', 'object', 'essential']	aff	aff
A phone is a	toy	-7.1310883	Ġtoy	['device', 'piece', 'phone', 'mobile', 'small']	aff	neg
A phone is not a	toy	-3.5363846	Ġtoy	['phone', 'smartphone', 'good', 'toy', 'device']	neg	neg
A phone is not an	electronics	-6.629718	Ġelectronics	['object', 'iPhone', 'expensive', 'item', 'ordinary']	neg	aff
A cat is a	predator	-5.358095	Ġpredator	['cat', 'carniv', 'small', 'f', '']	aff	aff
A cat is a	thing	-7.6296597	Ġthing	['cat', 'carniv', 'small', 'f', '']	aff	neg
A cat is not a	thing	-6.707114	Ġthing	['dog', 'cat', 'mouse', 'bird', 'rabbit']	neg	neg
A cat is not a	predator	-7.8138905	Ġpredator	['dog', 'cat', 'mouse', 'bird', 'rabbit']	neg	aff
A mineral is a	thing	-8.293284	Ġthing	['substance', 'solid', 'material', 'naturally', 'natural']	aff	aff
A mineral is an	animal	-9.166465	Ġanimal	['in', 'element', 'object', 'organic', 'aggregate']	aff	neg
A mineral is not an	animal	-5.737666	Ġanimal	['element', 'object', 'alloy', 'atom', 'organic']	neg	neg
A mineral is not a	thing	-6.22894	Ġthing	['substance', 'solid', 'pure', 'single', 'metal']	neg	aff
A carrot is a	food	-4.151758	Ġfood	['vegetable', 'type', 'carrot', 'member', 'good']	aff	aff
A carrot is a	fruit	-4.8961325	Ġfruit	['vegetable', 'type', 'carrot', 'member', 'good']	aff	neg
A carrot is not a	fruit	-3.095152	Ġfruit	['vegetable', 'carrot', 'fruit', 'plant', 'good']	neg	neg
A carrot is not a	food	-4.7699337	Ġfood	['vegetable', 'carrot', 'fruit', 'plant', 'good']	neg	aff
An oak is a	tree	-1.946167	Ġtree	['tree', 'type', 'tall', 'large', 'kind']	aff	aff
An oak is a	flower	-7.3339252	Ġflower	['tree', 'type', 'tall', 'large', 'kind']	aff	neg
An oak is not a	flower	-5.0007334	Ġflower	['tree', 'pine', 'plant', 'fruit', 'good']	neg	neg
An oak is not a	tree	-1.5906582	Ġtree	['tree', 'pine', 'plant', 'fruit', 'good']	neg	aff
A beneficiary is a	person	-0.2585373	Ġperson	['person', 'party', 'third', 'natural', 'legal']	aff	aff
A beneficiary is a	device	-11.148025	Ġdevice	['person', 'party', 'third', 'natural', 'legal']	aff	neg
A beneficiary is not a	device	-8.18836	Ġdevice	['person', 'party', 'beneficiary', 'legal', 'natural']	neg	neg
A beneficiary is not a	person	-1.4374294	Ġperson	['person', 'party', 'beneficiary', 'legal', 'natural']	neg	aff
A doctor is a	human	-5.4780903	Ġhuman	['person', 'medical', 'professional', 'doctor', 'physician']	aff	aff
A doctor is a	machine	-11.613059	Ġmachine	['person', 'medical', 'professional', 'doctor', 'physician']	aff	neg
A doctor is not a	machine	-7.139516	Ġmachine	['doctor', 'person', 'patient', 'nurse', 'professional']	neg	neg
A doctor is not a	human	-6.5060167	Ġhuman	['doctor', 'person', 'patient', 'nurse', 'professional']	neg	aff
A teacher is a	human	-4.6849976	Ġhuman	['person', 'teacher', 'professional', 'student', 'kind']	aff	aff
A teacher is a	desk	-9.145118	Ġdesk	['person', 'teacher', 'professional', 'student', 'kind']	aff	neg
A teacher is not a	desk	-8.331354	Ġdesk	['teacher', 'person', 'good', 'perfect', 'student']	neg	neg
A teacher is not a	human	-6.0885935	Ġhuman	['teacher', 'person', 'good', 'perfect', 'student']	neg	aff
A student is a	human	-6.2545557	Ġhuman	['student', 'person', 'good', 'member', 'little']	aff	aff
A student is a	book	-6.368469	Ġbook	['student', 'person', 'good', 'member', 'little']	aff	neg
A student is not a	book	-5.5345964	Ġbook	['student', 'person', 'good', 'child', 'perfect']	neg	neg
A student is not a	human	-5.6193867	Ġhuman	['student', 'person', 'good', 'child', 'perfect']	neg	aff
A horse is a	herbivore	-7.831608	Ġherb	['', 'horse', 'good', 'four', 'man']	aff	aff
A horse is a	mineral	-11.995267	min	['', 'horse', 'good', 'four', 'man']	aff	neg
A horse is not a	mineral	-10.473307	Ġmineral	['horse', 'person', 'man', 'dog', 'real']	neg	neg
A horse is not a	herbivore	-9.470816	Ġherb	['horse', 'person', 'man', 'dog', 'real']	neg	aff
A suit is a	clothing	-4.03288	Ġclothing	['piece', 'garment', 'type', 'formal', 'form']	aff	aff
A suit is a	house	-11.070722	Ġhouse	['piece', 'garment', 'type', 'formal', 'form']	aff	neg
A suit is not a	house	-6.596773	Ġhouse	['suit', 'dress', 'man', 'woman', 'piece']	neg	neg
A suit is not a	clothing	-5.722884	Ġclothing	['suit', 'dress', 'man', 'woman', 'piece']	neg	aff
A road is a	structure	-6.733391	Ġstructure	['straight', 'path', '', 'series', 'line']	aff	aff
A road is an	animal	-6.2835293	Ġanimal	['open', 'object', 'important', 'infinite', 'area']	aff	neg
A road is not an	animal	-4.844204	Ġanimal	['obstacle', 'island', 'object', 'easy', 'ideal']	neg	neg
A road is not a	structure	-7.395934	Ġstructure	['straight', 'road', 'line', 'highway', 'single']	neg	aff
A roof is a	structure	-3.087534	Ġstructure	['flat', 'roof', 'structure', 'large', 'common']	aff	aff
A roof is a	toy	-13.305277	Ġtoy	['flat', 'roof', 'structure', 'large', 'common']	aff	neg
A roof is not a	toy	-9.453168	Ġtoy	['roof', 'single', 'simple', 'flat', 'perfect']	neg	neg
A roof is not a	structure	-4.4736843	Ġstructure	['roof', 'single', 'simple', 'flat', 'perfect']	neg	aff
A mirror is a	glass	-5.403635	Ġglass	['mirror', 'flat', 'device', 'reflection', 'reflective']	aff	aff
A mirror is a	table	-8.037256	Ġtable	['mirror', 'flat', 'device', 'reflection', 'reflective']	aff	neg
A mirror is not a	table	-7.591593	Ġtable	['mirror', 'perfect', 'reflection', 'good', 'physical']	neg	neg
A mirror is not a	glass	-5.740451	Ġglass	['mirror', 'perfect', 'reflection', 'good', 'physical']	neg	aff
A mouse is a	pest	-6.8658285	Ġpest	['small', 'mouse', 'type', 'very', 'creature']	aff	aff
A mouse is a	fish	-8.410908	Ġfish	['small', 'mouse', 'type', 'very', 'creature']	aff	neg
A mouse is not a	fish	-5.660451	Ġfish	['mouse', 'cat', 'dog', 'computer', 'good']	neg	neg
A mouse is not a	pest	-7.262862	Ġpest	['mouse', 'cat', 'dog', 'computer', 'good']	neg	aff
A horse is a	beast	-5.7953863	Ġbeast	['', 'horse', 'good', 'four', 'man']	aff	aff
A horse is a	lion	-9.013066	Ġlion	['', 'horse', 'good', 'four', 'man']	aff	neg
A horse is not a	lion	-6.9654226	Ġlion	['horse', 'person', 'man', 'dog', 'real']	neg	neg
A horse is not a	beast	-5.2169733	Ġbeast	['horse', 'person', 'man', 'dog', 'real']	neg	aff
A sparrow is an	animal	-2.0347252	Ġanimal	['animal', 'insect', 'example', 'important', 'endangered']	aff	aff
A sparrow is a	mammal	-6.890602	Ġmamm	['bird', 'small', 'type', 'common', 'kind']	aff	neg
A sparrow is not a	mammal	-4.993002	Ġmamm	['bird', 'small', 'living', 'pigeon', 'rabbit']	neg	neg
A sparrow is not an	animal	-1.6576977	Ġanimal	['animal', 'insect', 'ordinary', 'egg', 'object']	neg	aff
A fish is a	food	-6.8952875	Ġfood	['fish', 'small', 'swimming', '', 'type']	aff	aff
A fish is a	mineral	-10.241867	Ġmineral	['fish', 'small', 'swimming', '', 'type']	aff	neg
A fish is not a	mineral	-8.790111	Ġmineral	['fish', 'bird', 'person', 'shark', 'cat']	neg	neg
A fish is not a	food	-6.4923153	Ġfood	['fish', 'bird', 'person', 'shark', 'cat']	neg	aff
A house is a	residence	-5.8377895	Ġresidence	['building', 'place', '', 'house', 'good']	aff	aff
A house is a	furniture	-7.382225	Ġfurniture	['building', 'place', '', 'house', 'good']	aff	neg
A house is not a	furniture	-7.616683	Ġfurniture	['house', 'place', 'building', 'home', 'single']	neg	neg
A house is not a	residence	-4.9411316	Ġresidence	['house', 'place', 'building', 'home', 'single']	neg	aff
A lamp is an	electronics	-7.430336	Ġelectronics	['electrical', 'essential', 'important', 'example', 'object']	aff	aff
A lamp is a	room	-6.4715567	Ġroom	['light', 'device', '', 'lamp', 'good']	aff	neg
A lamp is not a	room	-5.535404	Ġroom	['lamp', 'light', 'good', 'thing', 'device']	neg	neg
A lamp is not an	electronics	-7.8382273	Ġelectronics	['object', 'item', 'appliance', 'electric', 'instrument']	neg	aff
A cloud is a	sky	-7.740015	Ġsky	['collection', 'network', 'large', 'cloud', 'virtual']	aff	aff
A cloud is a	ground	-9.116631	Ġground	['collection', 'network', 'large', 'cloud', 'virtual']	aff	neg
A cloud is not a	ground	-8.092811	Ġground	['single', 'cloud', 'physical', 'thing', 'collection']	neg	neg
A cloud is not a	sky	-7.240382	Ġsky	['single', 'cloud', 'physical', 'thing', 'collection']	neg	aff
A school is an	education	-5.0390205	Ġeducation	['organization', 'example', 'institution', 'open', 'important']	aff	aff
A school is a	fruit	-8.40397	Ġfruit	['place', 'group', 'building', 'city', 'large']	aff	neg
A school is not a	fruit	-8.909498	Ġfruit	['place', 'physical', 'perfect', 'building', 'good']	neg	neg
A school is not an	education	-5.672967	Ġeducation	['organization', 'institution', 'isolated', 'ideal', 'environment']	neg	aff
An elephant is a	herbivore	-6.692648	Ġherb	['large', 'very', 'big', 'huge', 'type']	aff	aff
An elephant is a	plant	-5.5038424	Ġplant	['large', 'very', 'big', 'huge', 'type']	aff	neg
An elephant is not a	plant	-4.754547	Ġplant	['dog', 'person', 'human', 'bird', 'man']	neg	neg
An elephant is not a	herbivore	-8.11944	Ġherb	['dog', 'person', 'human', 'bird', 'man']	neg	aff
A radish is a	vegetable	-2.0517902	Ġvegetable	['vegetable', 'type', 'small', 'plant', 'member']	aff	aff
A radish is a	flower	-6.567045	Ġflower	['vegetable', 'type', 'small', 'plant', 'member']	aff	neg
A radish is not a	flower	-4.8962784	Ġflower	['vegetable', 'fruit', 'plant', 'type', 'seed']	neg	neg
A radish is not a	vegetable	-1.3538876	Ġvegetable	['vegetable', 'fruit', 'plant', 'type', 'seed']	neg	aff
A rock is an	aggregate	-4.6884537	Ġaggregate	['object', 'elastic', 'example', 'ideal', 'irregular']	aff	aff
A rock is a	toy	-4.4747667	Ġtoy	['sphere', 'solid', '', 'ball', 'cube']	aff	neg
A rock is not a	toy	-5.738303	Ġtoy	['solid', 'perfect', 'ball', 'sphere', 'rock']	neg	neg
A rock is not an	aggregate	-8.103378	Ġaggregate	['object', 'ideal', 'exact', 'element', 'actual']	neg	aff
A tree is an	organism	-10.448783	Ġorganism	['und', 'ac', 'arbitrary', 'connected', 'ordered']	aff	aff
A tree is a	mammal	-13.446759	ĠM	['connected', 'graph', 'type', 'rooted', 'special']	aff	neg
A tree is not a	mammal	-8.108407	Ġmamm	['tree', 'plant', 'straight', 'single', 'leaf']	neg	neg
A tree is not an	organism	-4.5981665	Ġorganism	['island', 'object', 'ordinary', 'animal', 'ideal']	neg	aff
A car is a	transport	-6.695961	Ġtransport	['vehicle', 'machine', 'moving', '', 'good']	aff	aff
A car is a	horse	-9.820914	Ġhorse	['vehicle', 'machine', 'moving', '', 'good']	aff	neg
A car is not a	horse	-5.422331	Ġhorse	['machine', 'car', 'person', 'vehicle', 'good']	neg	neg
A car is not a	transport	-8.877655	Ġtransport	['machine', 'car', 'person', 'vehicle', 'good']	neg	aff
An instrument is a	tool	-1.7527275	Ġtool	['device', 'tool', 'piece', 'mechanical', 'set']	aff	aff
An instrument is a	place	-7.2831106	Ġplace	['device', 'tool', 'piece', 'mechanical', 'set']	aff	neg
An instrument is not a	place	-7.213361	Ġplace	['tool', 'machine', 'device', 'thing', 'physical']	neg	neg
An instrument is not a	tool	-2.7166233	Ġtool	['tool', 'machine', 'device', 'thing', 'physical']	neg	aff
A plant is an	organism	-0.7336178	Ġorganism	['organism', 'individual', 'example', 'object', 'important']	aff	aff
A plant is a	toy	-10.622294	Ġtoy	['living', 'plant', 'single', 'small', 'type']	aff	neg
A plant is not a	toy	-7.1617184	Ġtoy	['single', 'living', 'plant', 'tree', 'person']	neg	neg
A plant is not an	organism	-1.6438675	Ġorganism	['organism', 'object', 'animal', 'individual', 'isolated']	neg	aff
A wolf is an	animal	-0.48641968	Ġanimal	['animal', 'intelligent', 'omn', 'individual', 'endangered']	aff	aff
A wolf is a	person	-5.407487	Ġperson	['wolf', 'carniv', 'dog', 'wild', 'small']	aff	neg
A wolf is not a	person	-4.9715986	Ġperson	['wolf', 'dog', 'sheep', 'cat', 'hunter']	neg	neg
A wolf is not an	animal	-0.56077194	Ġanimal	['animal', 'enemy', 'ant', 'elephant', 'insect']	neg	aff
A table is a	surface	-5.9250317	Ġsurface	['rectangular', 'collection', 'rectangle', '', 'set']	aff	aff
A table is a	house	-10.814392	Ġhouse	['rectangular', 'collection', 'rectangle', '', 'set']	aff	neg
A table is not a	house	-5.726959	Ġhouse	['table', 'square', 'rectangle', 'good', 'part']	neg	neg
A table is not a	surface	-6.0087633	Ġsurface	['table', 'square', 'rectangle', 'good', 'part']	neg	aff
A bear is an	animal	-0.79465485	Ġanimal	['animal', 'endangered', 'adult', 'old', 'excellent']	aff	aff
A bear is a	human	-5.777973	Ġhuman	['bear', 'very', 'big', 'hungry', 'hunter']	aff	neg
A bear is not a	human	-4.3246393	Ġhuman	['bear', 'dog', 'mamm', 'person', 'bird']	neg	neg
A bear is not an	animal	-0.7204399	Ġanimal	['animal', 'insect', 'elephant', 'amphib', 'endangered']	neg	aff
A horse is a	vertebrate	-11.052132	Ġverte	['', 'horse', 'good', 'four', 'man']	aff	aff
A horse is a	fish	-11.438773	Ġfish	['', 'horse', 'good', 'four', 'man']	aff	neg
A horse is not a	fish	-6.6771116	Ġfish	['horse', 'person', 'man', 'dog', 'real']	neg	neg
A horse is not a	vertebrate	-10.340537	ĠV	['horse', 'person', 'man', 'dog', 'real']	neg	aff
A plane is a	transport	-9.809927	Ġtransport	['flat', 'special', 'plane', '', 'surface']	aff	aff
A plane is a	flower	-11.5087185	Ġflower	['flat', 'special', 'plane', '', 'surface']	aff	neg
A plane is not a	flower	-11.620226	Ġflower	['straight', 'sphere', 'line', 'solid', 'plane']	neg	neg
A plane is not a	transport	-10.279466	Ġtransport	['straight', 'sphere', 'line', 'solid', 'plane']	neg	aff
A carrot is a	root	-4.897191	Ġroot	['vegetable', 'type', 'carrot', 'member', 'good']	aff	aff
A carrot is a	building	-10.716475	Ġbuilding	['vegetable', 'type', 'carrot', 'member', 'good']	aff	neg
A carrot is not a	building	-8.667874	Ġbuilding	['vegetable', 'carrot', 'fruit', 'plant', 'good']	neg	neg
A carrot is not a	root	-5.905796	Ġroot	['vegetable', 'carrot', 'fruit', 'plant', 'good']	neg	aff
A cow is a	pet	-8.069888	Ġpet	['dairy', 'cow', 'female', 'good', '____']	aff	aff
A cow is an	insect	-6.37272	Ġinsect	['animal', 'example', 'important', 'equ', 'object']	aff	neg
A cow is not an	insect	-4.4208565	Ġinsect	['animal', 'object', 'elephant', 'egg', 'apple']	neg	neg
A cow is not a	pet	-6.8295536	Ġpet	['cow', 'person', 'dog', 'horse', 'man']	neg	aff
A carrot is a	herb	-6.4633627	Ġherb	['vegetable', 'type', 'carrot', 'member', 'good']	aff	aff
A carrot is a	pest	-8.451618	Ġpest	['vegetable', 'type', 'carrot', 'member', 'good']	aff	neg
A carrot is not a	pest	-8.730147	Ġpest	['vegetable', 'carrot', 'fruit', 'plant', 'good']	neg	neg
A carrot is not a	herb	-6.709428	Ġherb	['vegetable', 'carrot', 'fruit', 'plant', 'good']	neg	aff
A vitamin is a	nutrient	-1.5180912	Ġnutrient	['substance', 'nutrient', 'chemical', 'compound', 'molecule']	aff	aff
A vitamin is a	toxin	-11.787492	Ġtoxin	['substance', 'nutrient', 'chemical', 'compound', 'molecule']	aff	neg
A vitamin is not a	toxin	-6.5016823	Ġtoxin	['food', 'substance', 'nutrient', 'chemical', 'drug']	neg	neg
A vitamin is not a	nutrient	-2.3455849	Ġnutrient	['food', 'substance', 'nutrient', 'chemical', 'drug']	neg	aff
A bus is a	transport	-5.172142	Ġtransport	['vehicle', 'mode', 'type', 'moving', 'large']	aff	aff
A bus is an	animal	-5.43987	Ġanimal	['object', 'expensive', 'important', 'example', 'efficient']	aff	neg
A bus is not an	animal	-3.3938246	Ġanimal	['automobile', 'airplane', 'object', 'animal', 'aircraft']	neg	neg
A bus is not a	transport	-7.763171	Ġtransport	['car', 'vehicle', 'person', 'train', 'machine']	neg	aff
A store is a	building	-6.71768	Ġbuilding	['', 'retailer', 'certain', 'store', 'good']	aff	aff
A store is a	car	-6.508484	Ġcar	['', 'retailer', 'certain', 'store', 'good']	aff	neg
A store is not a	car	-6.872862	Ġcar	['business', 'good', 'store', 'place', 'monopoly']	neg	neg
A store is not a	building	-5.945554	Ġbuilding	['business', 'good', 'store', 'place', 'monopoly']	neg	aff
A sun is a	star	-2.3221588	Ġstar	['star', 'sphere', 'spherical', 'celestial', 'large']	aff	aff
A sun is a	planet	-3.8053503	Ġplanet	['star', 'sphere', 'spherical', 'celestial', 'large']	aff	neg
A sun is not a	planet	-3.204174	Ġplanet	['star', 'sun', 'perfect', 'sphere', 'planet']	neg	neg
A sun is not a	star	-2.0725021	Ġstar	['star', 'sun', 'perfect', 'sphere', 'planet']	neg	aff
A maple is a	tree	-2.4133072	Ġtree	['tree', 'type', 'maple', '', 'large']	aff	aff
A maple is a	fruit	-7.0080347	Ġfruit	['tree', 'type', 'maple', '', 'large']	aff	neg
A maple is not a	fruit	-5.095586	Ġfruit	['maple', 'tree', 'good', 'leaf', 'plant']	neg	neg
A maple is not a	tree	-2.4445734	Ġtree	['maple', 'tree', 'good', 'leaf', 'plant']	neg	aff
A plant is a	lifeform	-6.258341	Ġlife	['living', 'plant', 'single', 'small', 'type']	aff	aff
A plant is a	mineral	-9.992104	Ġmineral	['living', 'plant', 'single', 'small', 'type']	aff	neg
A plant is not a	mineral	-7.6443005	Ġmineral	['single', 'living', 'plant', 'tree', 'person']	neg	neg
A plant is not a	lifeform	-6.3740625	Ġlife	['single', 'living', 'plant', 'tree', 'person']	neg	aff
A giraffe is a	herbivore	-4.293565	Ġherb	['plant', 'type', 'mamm', 'large', 'gir']	aff	aff
A giraffe is a	rock	-9.753683	Ġrock	['plant', 'type', 'mamm', 'large', 'gir']	aff	neg
A giraffe is not a	rock	-8.596087	Ġrock	['gir', 'person', 'plant', 'horse', 'bird']	neg	neg
A giraffe is not a	herbivore	-7.617569	Ġherb	['gir', 'person', 'plant', 'horse', 'bird']	neg	aff
A diamond is a	gemstone	-5.2432985	Ġgem	['perfect', 'right', 'rectangular', 'rh', '']	aff	aff
A diamond is a	tree	-10.004085	Ġtree	['perfect', 'right', 'rectangular', 'rh', '']	aff	neg
A diamond is not a	tree	-6.916812	Ġtree	['perfect', 'sphere', 'circle', 'square', 'regular']	neg	neg
A diamond is not a	gemstone	-5.7885017	Ġgem	['perfect', 'sphere', 'circle', 'square', 'regular']	neg	aff
A ruby is a	gem	-2.78512	Ġgem	['ruby', 'type', 'gem', 'small', 'red']	aff	aff
A ruby is a	metal	-6.412059	Ġmetal	['ruby', 'type', 'gem', 'small', 'red']	aff	neg
A ruby is not a	metal	-5.02619	Ġmetal	['ruby', 'gem', 'real', 'type', 'dog']	neg	neg
A ruby is not a	gem	-3.3046494	Ġgem	['ruby', 'gem', 'real', 'type', 'dog']	neg	aff
A glock is a	gun	-3.4376888	Ġgun	['type', 'firearm', 'pistol', 'handgun', 'weapon']	aff	aff
A glock is a	toy	-7.8412476	Ġtoy	['type', 'firearm', 'pistol', 'handgun', 'weapon']	aff	neg
A glock is not a	toy	-5.096673	Ġtoy	['gun', 'weapon', 'firearm', 'pistol', 'real']	neg	neg
A glock is not a	gun	-1.6336555	Ġgun	['gun', 'weapon', 'firearm', 'pistol', 'real']	neg	aff
A cheetah is a	carnivore	-3.294344	Ġcarniv	['fast', 'type', 'very', 'large', 'big']	aff	aff
A cheetah is a	plant	-8.699297	Ġplant	['fast', 'type', 'very', 'large', 'big']	aff	neg
A cheetah is not a	plant	-7.700838	Ġplant	['good', 'fast', 'che', 'cat', 'very']	neg	neg
A cheetah is not a	carnivore	-5.067547	Ġcarniv	['good', 'fast', 'che', 'cat', 'very']	neg	aff
A hippopotamus is a	mammal	-3.4046736	Ġmamm	['large', 'big', 'very', 'type', 'mamm']	aff	aff
A hippopotamus is a	reptile	-5.9908123	Ġrept	['large', 'big', 'very', 'type', 'mamm']	aff	neg
A hippopotamus is not a	reptile	-5.305439	Ġrept	['hipp', 'mamm', 'person', 'good', 'horse']	neg	neg
A hippopotamus is not a	mammal	-3.3408127	Ġmamm	['hipp', 'mamm', 'person', 'good', 'horse']	neg	aff
A cheetah is an	animal	-1.046833	Ġanimal	['animal', 'excellent', 'extremely', 'African', 'agile']	aff	aff
A cheetah is a	bird	-6.497799	Ġbird	['fast', 'type', 'very', 'large', 'big']	aff	neg
A cheetah is not a	bird	-4.2778416	Ġbird	['good', 'fast', 'che', 'cat', 'very']	neg	neg
A cheetah is not an	animal	-1.7194252	Ġanimal	['animal', 'ideal', 'example', 'easy', 'excellent']	neg	aff
A tiger is a	mammal	-5.254815	Ġmamm	['carniv', 'big', 'large', 'wild', 'predator']	aff	aff
A tiger is a	plant	-8.084171	Ġplant	['carniv', 'big', 'large', 'wild', 'predator']	aff	neg
A tiger is not a	plant	-5.617963	Ġplant	['tiger', 'cat', 'dog', 'person', 'lion']	neg	neg
A tiger is not a	mammal	-5.1530876	Ġmamm	['tiger', 'cat', 'dog', 'person', 'lion']	neg	aff
A valley is a	landform	-4.1380005	Ġland	['large', 'depression', 'valley', 'region', 'long']	aff	aff
A valley is a	house	-11.930849	Ġhouse	['large', 'depression', 'valley', 'region', 'long']	aff	neg
A valley is not a	house	-7.8826637	Ġhouse	['valley', 'place', 'lake', 'mountain', 'river']	neg	neg
A valley is not a	landform	-5.30377	Ġland	['valley', 'place', 'lake', 'mountain', 'river']	neg	aff
A sparrow is a	bird	-1.4713459	Ġbird	['bird', 'small', 'type', 'common', 'kind']	aff	aff
A sparrow is a	reptile	-9.002116	Ġrept	['bird', 'small', 'type', 'common', 'kind']	aff	neg
A sparrow is not a	reptile	-7.390518	Ġrept	['bird', 'small', 'living', 'pigeon', 'rabbit']	neg	neg
A sparrow is not a	bird	-0.98140526	Ġbird	['bird', 'small', 'living', 'pigeon', 'rabbit']	neg	aff
A computer is an	electronic	-0.38555717	Ġelectronic	['electronic', 'important', 'information', 'essential', 'electrical']	aff	aff
A computer is an	animal	-10.296762	Ġanimal	['electronic', 'important', 'information', 'essential', 'electrical']	aff	neg
A computer is not an	animal	-5.723547	Ġanimal	['object', 'electronic', 'entity', 'artificial', 'exact']	neg	neg
A computer is not an	electronic	-2.880024	Ġelectronic	['object', 'electronic', 'entity', 'artificial', 'exact']	neg	aff
A coffee is a	drink	-2.6670704	Ġdrink	['drink', 'coffee', 'small', 'beverage', 'type']	aff	aff
A coffee is a	fruit	-7.0705194	Ġfruit	['drink', 'coffee', 'small', 'beverage', 'type']	aff	neg
A coffee is not a	fruit	-5.247117	Ġfruit	['coffee', 'cup', 'drink', 'good', 'single']	neg	neg
A coffee is not a	drink	-3.249547	Ġdrink	['coffee', 'cup', 'drink', 'good', 'single']	neg	aff
A juice is a	drink	-3.2072392	Ġdrink	['mixture', 'liquid', 'drink', 'type', 'beverage']	aff	aff
A juice is a	fruit	-4.1983795	Ġfruit	['mixture', 'liquid', 'drink', 'type', 'beverage']	aff	neg
A juice is not a	fruit	-2.7394552	Ġfruit	['juice', 'fruit', 'good', 'drink', 'liquid']	neg	neg
A juice is not a	drink	-3.1885357	Ġdrink	['juice', 'fruit', 'good', 'drink', 'liquid']	neg	aff
A guitar is an	instrument	-0.53274155	Ġinstrument	['instrument', 'electric', 'acoustic', 'important', 'ancient']	aff	aff
A guitar is a	rock	-10.458553	Ġrock	['string', 'musical', 'type', 'long', 'pl']	aff	neg
A guitar is not a	rock	-5.882182	Ġrock	['musical', 'guitar', 'piano', 'single', 'toy']	neg	neg
A guitar is not an	instrument	-0.62779427	Ġinstrument	['instrument', 'object', 'electric', 'exact', 'electronic']	neg	aff
A drink is a	fluid	-6.7839336	Ġfluid	['drink', 'mixture', 'liquid', 'beverage', 'good']	aff	aff
A drink is a	gas	-9.349548	Ġgas	['drink', 'mixture', 'liquid', 'beverage', 'good']	aff	neg
A drink is not a	gas	-9.79922	Ġgas	['drink', 'beverage', 'good', 'cup', 'single']	neg	neg
A drink is not a	fluid	-9.129781	Ġfluid	['drink', 'beverage', 'good', 'cup', 'single']	neg	aff
A fish is a	creature	-4.5535727	Ġcreature	['fish', 'small', 'swimming', '', 'type']	aff	aff
A fish is a	building	-9.254829	Ġbuilding	['fish', 'small', 'swimming', '', 'type']	aff	neg
A fish is not a	building	-8.15409	Ġbuilding	['fish', 'bird', 'person', 'shark', 'cat']	neg	neg
A fish is not a	creature	-5.0178013	Ġcreature	['fish', 'bird', 'person', 'shark', 'cat']	neg	aff
A bird is a	creature	-5.6461315	Ġcreature	['bird', 'type', 'good', 'flying', '']	aff	aff
A bird is a	reptile	-9.119642	Ġrept	['bird', 'type', 'good', 'flying', '']	aff	neg
A bird is not a	reptile	-7.7623606	Ġrept	['bird', 'person', 'fish', 'dog', 'human']	neg	neg
A bird is not a	creature	-5.1339836	Ġcreature	['bird', 'person', 'fish', 'dog', 'human']	neg	aff
An egg is a	food	-5.7023697	Ġfood	['unit', 'hard', 'small', 'sphere', 'spherical']	aff	aff
An egg is a	drink	-11.060913	Ġdrink	['unit', 'hard', 'small', 'sphere', 'spherical']	aff	neg
An egg is not a	drink	-8.670265	Ġdrink	['bird', 'ball', 'perfect', 'good', 'sphere']	neg	neg
An egg is not a	food	-6.0362396	Ġfood	['bird', 'ball', 'perfect', 'good', 'sphere']	neg	aff
A credit-card is a	plastic	-4.1307116	Ġplastic	['card', 'type', 'credit', 'kind', 'prepaid']	aff	aff
A credit-card is a	coin	-8.465365	Ġcoin	['card', 'type', 'credit', 'kind', 'prepaid']	aff	neg
A credit-card is not a	coin	-5.339613	Ġcoin	['bank', 'credit', 'good', 'card', 'real']	neg	neg
A credit-card is not a	plastic	-7.228285	Ġplastic	['bank', 'credit', 'good', 'card', 'real']	neg	aff
A hamburger is a	food	-4.8368454	Ġfood	['rectangle', 'burger', 'type', 'rectangular', 'small']	aff	aff
A hamburger is a	clothing	-14.105149	Ġclothing	['rectangle', 'burger', 'type', 'rectangular', 'small']	aff	neg
A hamburger is not a	clothing	-12.733278	Ġclothing	['hamburger', 'sandwich', 'burger', 'sausage', 'good']	neg	neg
A hamburger is not a	food	-5.3478727	Ġfood	['hamburger', 'sandwich', 'burger', 'sausage', 'good']	neg	aff
A bean is a	food	-5.7229624	Ġfood	['bean', 'small', 'type', 'seed', 'cylindrical']	aff	aff
A bean is a	mineral	-9.856318	Ġmineral	['bean', 'small', 'type', 'seed', 'cylindrical']	aff	neg
A bean is not a	mineral	-8.492083	Ġmineral	['bean', 'plant', 'fruit', 'vegetable', 'seed']	neg	neg
A bean is not a	food	-6.22974	Ġfood	['bean', 'plant', 'fruit', 'vegetable', 'seed']	neg	aff
A jaguar is an	animal	-0.92666626	Ġanimal	['animal', 'endangered', 'apex', 'extremely', 'impressive']	aff	aff
A jaguar is a	plant	-9.37324	Ġplant	['big', 'large', 'very', 'cat', 'wild']	aff	neg
A jaguar is not a	plant	-7.231102	Ġplant	['jag', 'tiger', 'dog', 'cat', 'bad']	neg	neg
A jaguar is not an	animal	-1.1179104	Ġanimal	['animal', 'island', 'ordinary', 'example', 'elephant']	neg	aff
A man is a	human	-7.781044	Ġhuman	['certain', '', 'good', 'man', 'few']	aff	aff
A man is a	machine	-8.163795	Ġmachine	['certain', '', 'good', 'man', 'few']	aff	neg
A man is not a	machine	-7.064889	Ġmachine	['man', 'person', 'good', 'stranger', 'bird']	neg	neg
A man is not a	human	-6.19868	Ġhuman	['man', 'person', 'good', 'stranger', 'bird']	neg	aff
A sickle is a	tool	-6.530237	Ġtool	['type', 'small', 'sick', 'shape', 'triangular']	aff	aff
A sickle is a	flower	-6.334771	Ġflower	['type', 'small', 'sick', 'shape', 'triangular']	aff	neg
A sickle is not a	flower	-5.5931816	Ġflower	['sick', 'disease', 'single', 'bug', 'blood']	neg	neg
A sickle is not a	tool	-6.138528	Ġtool	['sick', 'disease', 'single', 'bug', 'blood']	neg	aff
A map is a	document	-5.8597927	Ġdocument	['diagram', 'visual', 'tool', 'representation', 'graphical']	aff	aff
A map is a	story	-10.152846	Ġstory	['diagram', 'visual', 'tool', 'representation', 'graphical']	aff	neg
A map is not a	story	-8.314983	Ġstory	['map', 'physical', 'book', 'real', 'true']	neg	neg
A map is not a	document	-5.4596863	Ġdocument	['map', 'physical', 'book', 'real', 'true']	neg	aff
A book is a	story	-8.56769	Ġstory	['good', 'rectangular', '', 'collection', 'book']	aff	aff
A book is a	fruit	-10.450255	Ġfruit	['good', 'rectangular', '', 'collection', 'book']	aff	neg
A book is not a	fruit	-7.9259853	Ġfruit	['book', 'single', 'good', 'thing', 'collection']	neg	neg
A book is not a	story	-5.846163	Ġstory	['book', 'single', 'good', 'thing', 'collection']	neg	aff
A movie is a	story	-6.4277735	Ġstory	['', 'good', 'movie', 'special', 'great']	aff	aff
A movie is an	animal	-8.500878	Ġanimal	['example', 'hour', 'interesting', '', 'investment']	aff	neg
A movie is not an	animal	-5.546916	Ġanimal	['easy', 'object', 'instant', 'experience', 'action']	neg	neg
A movie is not a	story	-5.226946	Ġstory	['movie', 'good', 'film', 'bad', 'book']	neg	aff
A cat is a	pet	-3.9691553	Ġpet	['cat', 'carniv', 'small', 'f', '']	aff	aff
A cat is an	insect	-4.9154043	Ġinsect	['animal', 'intelligent', 'excellent', 'omn', 'interesting']	aff	neg
A cat is not an	insect	-3.4761162	Ġinsect	['animal', 'insect', 'object', 'elephant', 'egg']	neg	neg
A cat is not a	pet	-4.9538097	Ġpet	['dog', 'cat', 'mouse', 'bird', 'rabbit']	neg	aff
A lion is a	mammal	-5.6579466	Ġmamm	['lion', 'big', 'carniv', 'dangerous', 'predator']	aff	aff
A lion is an	amphibian	-7.51447	Ġamphib	['animal', 'endangered', 'apex', 'African', 'important']	aff	neg
A lion is not an	amphibian	-5.865141	Ġamphib	['animal', 'elephant', 'ant', 'enemy', 'insect']	neg	neg
A lion is not a	mammal	-5.207471	Ġmamm	['lion', 'cat', 'dog', 'big', 'tiger']	neg	aff
A caterpillar is an	insect	-0.5791817	Ġinsect	['insect', 'animal', 'interesting', 'organism', 'in']	aff	aff
A caterpillar is a	mammal	-9.338062	ĠM	['small', 'type', 'kind', 'very', 'tiny']	aff	neg
A caterpillar is not a	mammal	-7.9963484	ĠM	['cater', 'worm', 'true', 'real', 'spider']	neg	neg
A caterpillar is not an	insect	-0.7312355	Ġinsect	['insect', 'animal', 'apple', 'ant', 'egg']	neg	aff
A man is a	person	-5.4247675	Ġperson	['certain', '', 'good', 'man', 'few']	aff	aff
A man is an	animal	-5.601906	Ġanimal	['old', 'engineer', 'employee', 'entrepreneur', 'average']	aff	neg
A man is not an	animal	-3.4948196	Ġanimal	['ordinary', 'island', 'easy', 'enemy', 'animal']	neg	neg
A man is not a	person	-3.450924	Ġperson	['man', 'person', 'good', 'stranger', 'bird']	neg	aff
A woman is a	person	-3.8334942	Ġperson	['woman', 'person', 'good', '____', '(n']	aff	aff
A woman is a	thing	-8.105763	Ġthing	['woman', 'person', 'good', '____', '(n']	aff	neg
A woman is not a	thing	-6.472292	Ġthing	['woman', 'person', 'man', 'good', '____']	neg	neg
A woman is not a	person	-2.73236	Ġperson	['woman', 'person', 'man', 'good', '____']	neg	aff
A sock is a	garment	-7.217849	Ġgarment	['rectangular', 'pair', 'square', 'piece', 'box']	aff	aff
A sock is a	person	-7.5948086	Ġperson	['rectangular', 'pair', 'square', 'piece', 'box']	aff	neg
A sock is not a	person	-6.1430035	Ġperson	['sock', 'shoe', 'pair', 'good', 'ball']	neg	neg
A sock is not a	garment	-7.534773	Ġgarment	['sock', 'shoe', 'pair', 'good', 'ball']	neg	aff
A student is a	person	-3.8782396	Ġperson	['student', 'person', 'good', 'member', 'little']	aff	aff
A student is a	thing	-8.953557	Ġthing	['student', 'person', 'good', 'member', 'little']	aff	neg
A student is not a	thing	-6.75564	Ġthing	['student', 'person', 'good', 'child', 'perfect']	neg	neg
A student is not a	person	-2.6193619	Ġperson	['student', 'person', 'good', 'child', 'perfect']	neg	aff
A milk is a	drink	-4.9586077	Ġdrink	['mixture', 'liquid', 'cylindrical', 'rectangular', 'cube']	aff	aff
A milk is a	vegetable	-7.030674	Ġvegetable	['mixture', 'liquid', 'cylindrical', 'rectangular', 'cube']	aff	neg
A milk is not a	vegetable	-5.3891716	Ġvegetable	['milk', 'good', 'liquid', 'thing', 'cow']	neg	neg
A milk is not a	drink	-4.701413	Ġdrink	['milk', 'good', 'liquid', 'thing', 'cow']	neg	aff
A water is a	drink	-6.4555616	Ġdrink	['liquid', 'mixture', 'substance', 'fluid', 'solution']	aff	aff
A water is a	gas	-5.1221304	Ġgas	['liquid', 'mixture', 'substance', 'fluid', 'solution']	aff	neg
A water is not a	gas	-3.8790073	Ġgas	['liquid', 'solid', 'pure', 'substance', 'fluid']	neg	neg
A water is not a	drink	-6.257187	Ġdrink	['liquid', 'solid', 'pure', 'substance', 'fluid']	neg	aff
A pearl is a	jewel	-6.982521	Ġjewel	['small', 'gem', 'round', 'hard', 'stone']	aff	aff
A pearl is a	tree	-10.492313	Ġtree	['small', 'gem', 'round', 'hard', 'stone']	aff	neg
A pearl is not a	tree	-6.6435366	Ġtree	['pearl', 'gem', 'stone', 'single', 'perfect']	neg	neg
A pearl is not a	jewel	-4.810993	Ġjewel	['pearl', 'gem', 'stone', 'single', 'perfect']	neg	aff
A ficus is a	tree	-3.2945852	Ġtree	['plant', 'type', 'tropical', 'kind', 'succ']	aff	aff
A ficus is a	flower	-6.8721733	Ġflower	['plant', 'type', 'tropical', 'kind', 'succ']	aff	neg
A ficus is not a	flower	-3.609356	Ġflower	['plant', 'tree', 'fruit', 'flower', 'fic']	neg	neg
A ficus is not a	tree	-2.128582	Ġtree	['plant', 'tree', 'fruit', 'flower', 'fic']	neg	aff
A crane is a	bird	-12.940116	Ġbird	['machine', 'large', 'device', 'heavy', 'type']	aff	aff
A crane is a	flower	-14.212437	Ġflower	['machine', 'large', 'device', 'heavy', 'type']	aff	neg
A crane is not a	flower	-10.437137	Ġflower	['simple', 'single', 'machine', 'tool', 'rigid']	neg	neg
A crane is not a	bird	-8.324115	Ġbird	['simple', 'single', 'machine', 'tool', 'rigid']	neg	aff
A jaguar is a	cat	-3.1385145	Ġcat	['big', 'large', 'very', 'cat', 'wild']	aff	aff
A jaguar is a	reptile	-6.6096373	Ġrept	['big', 'large', 'very', 'cat', 'wild']	aff	neg
A jaguar is not a	reptile	-5.831602	Ġrept	['jag', 'tiger', 'dog', 'cat', 'bad']	neg	neg
A jaguar is not a	cat	-3.5425854	Ġcat	['jag', 'tiger', 'dog', 'cat', 'bad']	neg	aff
A sneaker is a	shoe	-1.9901276	Ġshoe	['type', 'pair', 'shoe', 'piece', 'footwear']	aff	aff
A sneaker is a	mineral	-11.0567045	Ġmineral	['type', 'pair', 'shoe', 'piece', 'footwear']	aff	neg
A sneaker is not a	mineral	-9.007755	Ġmineral	['sne', 'shoe', 'real', 'good', 'pair']	neg	neg
A sneaker is not a	shoe	-2.374113	Ġshoe	['sne', 'shoe', 'real', 'good', 'pair']	neg	aff
A volleyball is a	ball	-2.01824	Ġball	['ball', 'solid', 'sport', 'game', 'spherical']	aff	aff
A volleyball is a	tool	-8.18827	Ġtool	['ball', 'solid', 'sport', 'game', 'spherical']	aff	neg
A volleyball is not a	tool	-5.5629215	Ġtool	['ball', 'good', 'solid', 'perfect', 'baseball']	neg	neg
A volleyball is not a	ball	-2.299385	Ġball	['ball', 'good', 'solid', 'perfect', 'baseball']	neg	aff
A train is a	machine	-4.7147846	Ġmachine	['moving', '', 'certain', 'long', 'train']	aff	aff
A train is a	weapon	-11.105509	Ġweapon	['moving', '', 'certain', 'long', 'train']	aff	neg
A train is not a	weapon	-6.2942657	Ġweapon	['vehicle', 'machine', 'car', 'person', 'good']	neg	neg
A train is not a	machine	-3.2032137	Ġmachine	['vehicle', 'machine', 'car', 'person', 'good']	neg	aff
A college is an	institution	-1.1980686	Ġinstitution	['institution', 'organization', 'educational', 'academic', 'entity']	aff	aff
A college is a	creature	-10.280024	Ġcreature	['university', 'group', 'college', 'place', 'large']	aff	neg
A college is not a	creature	-8.378385	Ġcreature	['place', 'school', 'good', 'college', 'perfect']	neg	neg
A college is not an	institution	-1.8988094	Ġinstitution	['institution', 'organization', 'ideal', 'island', 'isolated']	neg	aff
A child is a	person	-3.9403925	Ġperson	['child', 'bundle', 'person', 'small', 'baby']	aff	aff
A child is an	adult	-3.256668	Ġadult	['animal', 'infant', 'individual', 'object', 'adult']	aff	neg
A child is not an	adult	-2.3800697	Ġadult	['object', 'animal', 'adult', 'infant', 'ordinary']	neg	neg
A child is not a	person	-3.6528902	Ġperson	['child', 'toy', 'person', 'baby', 'dog']	neg	aff
A spy is a	person	-1.6301193	Ġperson	['person', 'spy', 'man', 'member', 'special']	aff	aff
A spy is a	thing	-9.021826	Ġthing	['person', 'spy', 'man', 'member', 'special']	aff	neg
A spy is not a	thing	-7.922127	Ġthing	['spy', 'good', 'person', 'secret', 'fool']	neg	neg
A spy is not a	person	-4.2241	Ġperson	['spy', 'good', 'person', 'secret', 'fool']	neg	aff
A hunter is a	person	-3.274108	Ġperson	['hunter', 'man', 'person', 'dog', 'skilled']	aff	aff
A hunter is an	animal	-1.4031925	Ġanimal	['animal', 'expert', 'individual', 'object', 'athlete']	aff	neg
A hunter is not an	animal	-1.9554234	Ġanimal	['animal', 'enemy', 'expert', 'ordinary', 'ideal']	neg	neg
A hunter is not a	person	-4.0384274	Ġperson	['hunter', 'good', 'man', 'person', 'hero']	neg	aff
A musician is a	person	-1.8490105	Ġperson	['person', 'professional', 'musician', 'skilled', 'musical']	aff	aff
A musician is an	animal	-6.0929356	Ġanimal	['artist', 'individual', 'expert', 'instrument', 'important']	aff	neg
A musician is not an	animal	-5.4493923	Ġanimal	['ordinary', 'instrument', 'artist', 'easy', 'expert']	neg	neg
A musician is not a	person	-2.9936647	Ġperson	['musician', 'person', 'good', 'composer', 'musical']	neg	aff
A machine is a	thing	-6.095544	Ġthing	['device', 'machine', 'piece', 'tool', 'mechanical']	aff	aff
A machine is a	person	-6.842984	Ġperson	['device', 'machine', 'piece', 'tool', 'mechanical']	aff	neg
A machine is not a	person	-3.1083689	Ġperson	['machine', 'perfect', 'good', 'person', 'tool']	neg	neg
A machine is not a	thing	-3.9957285	Ġthing	['machine', 'perfect', 'good', 'person', 'tool']	neg	aff
A scientist is a	person	-1.6534615	Ġperson	['person', 'scientist', 'professional', 'researcher', 'man']	aff	aff
A scientist is a	computer	-5.453042	Ġcomputer	['person', 'scientist', 'professional', 'researcher', 'man']	aff	neg
A scientist is not a	computer	-5.199214	Ġcomputer	['scientist', 'person', 'man', 'good', 'physicist']	neg	neg
A scientist is not a	person	-3.0911121	Ġperson	['scientist', 'person', 'man', 'good', 'physicist']	neg	aff
A professor is a	person	-2.8832216	Ġperson	['person', 'teacher', 'professor', 'student', 'man']	aff	aff
A professor is a	building	-8.256047	Ġbuilding	['person', 'teacher', 'professor', 'student', 'man']	aff	neg
A professor is not a	building	-9.245615	Ġbuilding	['teacher', 'professor', 'person', 'student', 'good']	neg	neg
A professor is not a	person	-2.9712534	Ġperson	['teacher', 'professor', 'person', 'student', 'good']	neg	aff
A kitten is an	animal	-1.0903702	Ġanimal	['animal', 'adorable', 'intelligent', 'interesting', 'ideal']	aff	aff
A kitten is a	plant	-9.372524	Ġplant	['kitten', 'cute', 'small', 'little', 'special']	aff	neg
A kitten is not a	plant	-7.4883432	Ġplant	['kitten', 'cat', 'dog', 'puppy', 'mouse']	neg	neg
A kitten is not an	animal	-0.8521042	Ġanimal	['animal', 'adult', 'egg', 'old', 'elephant']	neg	aff
A piano is an	instrument	-0.5468521	Ġinstrument	['instrument', 'important', 'acoustic', 'electric', 'electronic']	aff	aff
A piano is a	drink	-16.356487	Ġdrink	['musical', 'string', 'very', 'piece', 'small']	aff	neg
A piano is not a	drink	-10.667822	Ġdrink	['piano', 'musical', 'good', 'toy', 'tool']	neg	neg
A piano is not an	instrument	-0.76250076	Ġinstrument	['instrument', 'object', 'electronic', 'exact', 'easy']	neg	aff
A ship is a	vessel	-2.100315	Ġvessel	['vessel', 'floating', 'large', 'ship', 'boat']	aff	aff
A ship is a	mineral	-11.767794	Ġmineral	['vessel', 'floating', 'large', 'ship', 'boat']	aff	neg
A ship is not a	mineral	-9.448311	Ġmineral	['person', 'machine', 'vessel', 'ship', 'perfect']	neg	neg
A ship is not a	vessel	-3.3306236	Ġvessel	['person', 'machine', 'vessel', 'ship', 'perfect']	neg	aff
A noun is a	word	-0.5674286	Ġword	['word', 'type', 'group', 'noun', 'person']	aff	aff
A noun is a	verb	-4.4634285	Ġverb	['word', 'type', 'group', 'noun', 'person']	aff	neg
A noun is not a	verb	-1.4634933	Ġverb	['verb', 'word', 'person', 'noun', 'pron']	neg	neg
A noun is not a	word	-2.592987	Ġword	['verb', 'word', 'person', 'noun', 'pron']	neg	aff
An adjective is a	word	-0.7447338	Ġword	['word', 'noun', 'type', 'modifier', 'descriptive']	aff	aff
An adjective is a	verb	-5.136097	Ġverb	['word', 'noun', 'type', 'modifier', 'descriptive']	aff	neg
An adjective is not a	verb	-3.0831108	Ġverb	['noun', 'word', 'verb', '(n', '______']	neg	neg
An adjective is not a	word	-2.919609	Ġword	['noun', 'word', 'verb', '(n', '______']	neg	aff
A pronoun is a	word	-0.2636242	Ġword	['word', 'noun', 'name', 'substitute', 'term']	aff	aff
A pronoun is a	verb	-6.224725	Ġverb	['word', 'noun', 'name', 'substitute', 'term']	aff	neg
A pronoun is not a	verb	-3.1773891	Ġverb	['noun', 'word', 'name', 'verb', 'person']	neg	neg
A pronoun is not a	word	-1.765665	Ġword	['noun', 'word', 'name', 'verb', 'person']	neg	aff
A verb is a	word	-0.9409447	Ġword	['word', 'noun', 'verb', 'type', 'gramm']	aff	aff
A verb is a	noun	-1.9410896	Ġnoun	['word', 'noun', 'verb', 'type', 'gramm']	aff	neg
A verb is not a	noun	-0.8698406	Ġnoun	['noun', 'word', 'verb', 'sentence', 'pron']	neg	neg
A verb is not a	word	-2.5559292	Ġword	['noun', 'word', 'verb', 'sentence', 'pron']	neg	aff
An adverb is a	word	-0.3699665	Ġword	['word', 'modifier', 'verb', 'type', 'noun']	aff	aff
An adverb is a	noun	-3.6369686	Ġnoun	['word', 'modifier', 'verb', 'type', 'noun']	aff	neg
An adverb is not a	noun	-1.3647423	Ġnoun	['noun', 'verb', 'word', 'modifier', '(n']	neg	neg
An adverb is not a	word	-2.2273846	Ġword	['noun', 'verb', 'word', 'modifier', '(n']	neg	aff
A screwdriver is a	tool	-1.4899807	Ġtool	['tool', 'small', 'hand', 'common', 'device']	aff	aff
A screwdriver is a	vegetable	-11.690427	Ġvegetable	['tool', 'small', 'hand', 'common', 'device']	aff	neg
A screwdriver is not a	vegetable	-8.289688	Ġvegetable	['tool', 'screw', 'part', 'wrench', 'good']	neg	neg
A screwdriver is not a	tool	-2.0114021	Ġtool	['tool', 'screw', 'part', 'wrench', 'good']	neg	aff
A shack is a	building	-2.6116924	Ġbuilding	['small', 'building', 'type', 'structure', 'place']	aff	aff
A shack is a	bird	-10.074217	Ġbird	['small', 'building', 'type', 'structure', 'place']	aff	neg
A shack is not a	bird	-8.244592	Ġbird	['house', 'building', 'shack', 'place', 'home']	neg	neg
A shack is not a	building	-2.810567	Ġbuilding	['house', 'building', 'shack', 'place', 'home']	neg	aff
A toaster is an	appliance	-1.1512794	Ġappliance	['appliance', 'electrical', 'electric', 'electronic', 'important']	aff	aff
A toaster is a	toy	-7.560894	Ġtoy	['device', 'common', 'toaster', 'type', 'small']	aff	neg
A toaster is not a	toy	-5.1545763	Ġtoy	['toaster', 'good', 'device', 'machine', 'refrigerator']	neg	neg
A toaster is not an	appliance	-2.3620968	Ġappliance	['oven', 'appliance', 'electric', 'electrical', 'object']	neg	aff
A microwave is an	appliance	-3.5186672	Ġappliance	['electromagnetic', 'electrical', 'electronic', 'appliance', 'electric']	aff	aff
A microwave is a	plant	-12.00936	Ġplant	['device', 'type', 'radio', 'special', 'very']	aff	neg
A microwave is not a	plant	-9.069406	Ġplant	['microwave', 'vacuum', 'refrigerator', 'good', 'device']	neg	neg
A microwave is not an	appliance	-3.6643944	Ġappliance	['electromagnetic', 'ideal', 'electrical', 'electric', 'oven']	neg	aff
A coffeemaker is an	appliance	-1.7371712	Ġappliance	['appliance', 'electronic', 'automatic', 'electric', 'electrical']	aff	aff
A coffeemaker is a	food	-6.2536297	Ġfood	['device', 'machine', 'coffee', 'type', 'kitchen']	aff	neg
A coffeemaker is not a	food	-5.9722595	Ġfood	['coffee', 'machine', 'good', 'computer', 'refrigerator']	neg	neg
A coffeemaker is not an	appliance	-3.63904	Ġappliance	['electric', 'automatic', 'electrical', 'oven', 'ideal']	neg	aff
A sofa is a	furniture	-4.844653	Ġfurniture	['sofa', 'piece', 'rectangular', '', 'table']	aff	aff
A sofa is a	toy	-7.2473364	Ġtoy	['sofa', 'piece', 'rectangular', '', 'table']	aff	neg
A sofa is not a	toy	-4.8386507	Ġtoy	['sofa', 'chair', 'couch', 'piece', 'single']	neg	neg
A sofa is not a	furniture	-5.223713	Ġfurniture	['sofa', 'chair', 'couch', 'piece', 'single']	neg	aff
A lantern is a	light	-3.945016	Ġlight	['small', 'type', 'simple', 'popular', 'device']	aff	aff
A lantern is a	food	-9.359364	Ġfood	['small', 'type', 'simple', 'popular', 'device']	aff	neg
A lantern is not a	food	-8.310541	Ġfood	['lantern', 'lamp', 'candle', 'good', 'light']	neg	neg
A lantern is not a	light	-4.0331984	Ġlight	['lantern', 'lamp', 'candle', 'good', 'light']	neg	aff
A hospital is a	building	-4.3099422	Ġbuilding	['place', 'public', 'large', 'facility', 'major']	aff	aff
A hospital is a	river	-12.857964	Ġriver	['place', 'public', 'large', 'facility', 'major']	aff	neg
A hospital is not a	river	-11.147963	Ġriver	['place', 'hospital', 'private', 'good', 'public']	neg	neg
A hospital is not a	building	-5.4276094	Ġbuilding	['place', 'hospital', 'private', 'good', 'public']	neg	aff
A lock is a	device	-2.1913834	Ġdevice	['device', 'rectangular', 'special', 'square', '']	aff	aff
A lock is a	garment	-12.125191	Ġgarment	['device', 'rectangular', 'special', 'square', '']	aff	neg
A lock is not a	garment	-10.6416645	Ġgarment	['lock', 'key', 'door', 'real', 'safe']	neg	neg
A lock is not a	device	-4.7109814	Ġdevice	['lock', 'key', 'door', 'real', 'safe']	neg	aff
A suit is a	garment	-1.993885	Ġgarment	['piece', 'garment', 'type', 'formal', 'form']	aff	aff
A suit is a	tool	-8.81849	Ġtool	['piece', 'garment', 'type', 'formal', 'form']	aff	neg
A suit is not a	tool	-6.4514456	Ġtool	['suit', 'dress', 'man', 'woman', 'piece']	neg	neg
A suit is not a	garment	-4.2664824	Ġgarment	['suit', 'dress', 'man', 'woman', 'piece']	neg	aff
A clamp is a	tool	-2.2846985	Ġtool	['device', 'tool', 'type', 'mechanical', 'component']	aff	aff
A clamp is a	mineral	-12.046712	Ġmineral	['device', 'tool', 'type', 'mechanical', 'component']	aff	neg
A clamp is not a	mineral	-11.231331	Ġmineral	['part', 'device', '____', 'component', 'tool']	neg	neg
A clamp is not a	tool	-3.8119783	Ġtool	['part', 'device', '____', 'component', 'tool']	neg	aff
A ruby is a	mineral	-6.706155	Ġmineral	['ruby', 'type', 'gem', 'small', 'red']	aff	aff
A ruby is a	toy	-9.629182	Ġtoy	['ruby', 'type', 'gem', 'small', 'red']	aff	neg
A ruby is not a	toy	-6.1154747	Ġtoy	['ruby', 'gem', 'real', 'type', 'dog']	neg	neg
A ruby is not a	mineral	-6.087817	Ġmineral	['ruby', 'gem', 'real', 'type', 'dog']	neg	aff
A doll is a	toy	-2.2104187	Ġtoy	['doll', 'small', 'toy', 'figur', 'miniature']	aff	aff
A doll is a	creature	-6.9491415	Ġcreature	['doll', 'small', 'toy', 'figur', 'miniature']	aff	neg
A doll is not a	creature	-7.0446243	Ġcreature	['doll', 'toy', 'real', 'person', 'child']	neg	neg
A doll is not a	toy	-2.3981972	Ġtoy	['doll', 'toy', 'real', 'person', 'child']	neg	aff
A dog is a	creature	-6.1197634	Ġcreature	['dog', 'member', 'special', 'man', '']	aff	aff
A dog is a	building	-9.278191	Ġbuilding	['dog', 'member', 'special', 'man', '']	aff	neg
A dog is not a	building	-8.90879	Ġbuilding	['dog', 'cat', 'human', 'bird', 'person']	neg	neg
A dog is not a	creature	-6.4651003	Ġcreature	['dog', 'cat', 'human', 'bird', 'person']	neg	aff
A sandwich is a	food	-4.127328	Ġfood	['sandwich', 'type', 'kind', 'small', 'meal']	aff	aff
A sandwich is a	tool	-9.637662	Ġtool	['sandwich', 'type', 'kind', 'small', 'meal']	aff	neg
A sandwich is not a	tool	-9.504622	Ġtool	['sandwich', 'good', 'meal', 'hamburger', 'pizza']	neg	neg
A sandwich is not a	food	-6.1411476	Ġfood	['sandwich', 'good', 'meal', 'hamburger', 'pizza']	neg	aff
A cake is a	dessert	-3.9174871	Ġdessert	['rectangular', 'cake', 'sphere', 'circle', 'delicious']	aff	aff
A cake is a	toy	-10.516607	Ġtoy	['rectangular', 'cake', 'sphere', 'circle', 'delicious']	aff	neg
A cake is not a	toy	-9.183781	Ġtoy	['cake', 'cookie', 'dessert', 'simple', 'good']	neg	neg
A cake is not a	dessert	-5.289895	Ġdessert	['cake', 'cookie', 'dessert', 'simple', 'good']	neg	aff
A raccoon is an	animal	-1.4951229	Ġanimal	['omn', 'animal', 'interesting', 'endangered', 'intelligent']	aff	aff
A raccoon is a	bird	-6.698374	Ġbird	['carniv', 'small', 'mamm', 'large', 'member']	aff	neg
A raccoon is not a	bird	-3.6474562	Ġbird	['dog', 'mamm', 'cat', 'fox', 'bird']	neg	neg
A raccoon is not an	animal	-0.9560051	Ġanimal	['animal', 'endangered', 'insect', 'amphib', 'omn']	neg	aff
A hut is a	building	-2.3923664	Ġbuilding	['building', 'small', 'simple', 'structure', 'type']	aff	aff
A hut is an	insect	-7.993767	ĠIn	['ancient', 'important', 'open', 'architectural', 'old']	aff	neg
A hut is not an	insect	-5.932623	Ġinsect	['apartment', 'ideal', 'ordinary', 'isolated', 'object']	neg	neg
A hut is not a	building	-3.1213808	Ġbuilding	['hut', 'house', 'building', 'home', 'tent']	neg	aff
A penguin is an	animal	-0.63225746	Ġanimal	['animal', 'av', 'aquatic', 'object', 'endangered']	aff	aff
A penguin is a	plant	-9.960854	Ġplant	['bird', 'type', 'large', 'p', 'small']	aff	neg
A penguin is not a	plant	-7.2311745	Ġplant	['p', 'bird', 'person', 'fish', 'duck']	neg	neg
A penguin is not an	animal	-1.254633	Ġanimal	['animal', 'island', 'elephant', 'object', 'egg']	neg	aff
A book is a	media	-9.53437	Ġmedia	['good', 'rectangular', '', 'collection', 'book']	aff	aff
A book is an	instrument	-7.565754	Ġinstrument	['example', 'object', 'excellent', 'interesting', 'expensive']	aff	neg
A book is not an	instrument	-5.4499073	Ġinstrument	['object', 'easy', 'ordinary', 'encyclopedia', 'item']	neg	neg
A book is not a	media	-10.218922	Ġmedia	['book', 'single', 'good', 'thing', 'collection']	neg	aff
A bridge is a	structure	-2.186203	Ġstructure	['structure', 'bridge', 'type', 'long', 'special']	aff	aff
A bridge is a	toy	-11.136424	Ġtoy	['structure', 'bridge', 'type', 'long', 'special']	aff	neg
A bridge is not a	toy	-7.50842	Ġtoy	['bridge', 'straight', 'simple', 'single', 'building']	neg	neg
A bridge is not a	structure	-4.5842876	Ġstructure	['bridge', 'straight', 'simple', 'single', 'building']	neg	aff
A badger is an	animal	-0.744997	Ġanimal	['animal', 'omn', 'endangered', 'interesting', 'important']	aff	aff
A badger is a	plant	-7.15487	Ġplant	['carniv', 'mamm', 'small', 'very', 'large']	aff	neg
A badger is not a	plant	-6.636853	Ġplant	['bad', 'good', 'very', 'dog', 'mamm']	neg	neg
A badger is not an	animal	-0.7838993	Ġanimal	['animal', 'insect', 'easy', 'endangered', 'enemy']	neg	aff
A pulley is a	machine	-2.897417	Ġmachine	['simple', 'device', 'mechanical', 'wheel', 'machine']	aff	aff
A pulley is a	person	-9.8104315	Ġperson	['simple', 'device', 'mechanical', 'wheel', 'machine']	aff	neg
A pulley is not a	person	-9.072512	Ġperson	['simple', 'fixed', 'machine', 'part', 'rigid']	neg	neg
A pulley is not a	machine	-3.37529	Ġmachine	['simple', 'fixed', 'machine', 'part', 'rigid']	neg	aff
A sapphire is a	mineral	-3.4156303	Ġmineral	['gem', 'type', 'mineral', 'transparent', 'rare']	aff	aff
A sapphire is a	gas	-12.311327	Ġgas	['gem', 'type', 'mineral', 'transparent', 'rare']	aff	neg
A sapphire is not a	gas	-8.918781	Ġgas	['gem', 'single', 'stone', 'crystal', 'rock']	neg	neg
A sapphire is not a	mineral	-3.7146301	Ġmineral	['gem', 'single', 'stone', 'crystal', 'rock']	neg	aff
A possum is an	animal	-0.7514248	Ġanimal	['animal', 'Australian', 'omn', 'arb', 'interesting']	aff	aff
A possum is a	plant	-6.7404137	Ġplant	['small', 'large', 'mamm', 'mars', 'type']	aff	neg
A possum is not a	plant	-5.2175837	Ġplant	['mamm', 'dog', 'fox', 'bird', 'pos']	neg	neg
A possum is not an	animal	-0.5236492	Ġanimal	['animal', 'insect', 'amphib', 'Australian', 'ant']	neg	aff
A panther is an	animal	-0.6749916	Ġanimal	['animal', 'endangered', 'apex', 'African', 'ancient']	aff	aff
A panther is a	toy	-10.85363	Ġtoy	['big', 'carniv', 'large', 'dangerous', 'wild']	aff	neg
A panther is not a	toy	-7.08572	Ġtoy	['cat', 'dog', 'tiger', 'person', 'leopard']	neg	neg
A panther is not an	animal	-0.7137108	Ġanimal	['animal', 'example', 'elephant', 'insect', 'endangered']	neg	aff
A hamster is an	animal	-0.74053955	Ġanimal	['animal', 'interesting', 'insect', 'intelligent', 'excellent']	aff	aff
A hamster is a	person	-7.3621902	Ġperson	['small', 'type', 'rod', 'pet', 'creature']	aff	neg
A hamster is not a	person	-4.436	Ġperson	['dog', 'ham', 'mouse', 'cat', 'rabbit']	neg	neg
A hamster is not an	animal	-1.1825352	Ġanimal	['animal', 'insect', 'ordinary', 'ant', 'ideal']	neg	aff
A tractor is a	vehicle	-2.5722733	Ġvehicle	['machine', 'large', 'vehicle', 'type', 'piece']	aff	aff
A tractor is a	toy	-8.808655	Ġtoy	['machine', 'large', 'vehicle', 'type', 'piece']	aff	neg
A tractor is not a	toy	-4.7303343	Ġtoy	['vehicle', 'machine', 'good', 'car', 'tool']	neg	neg
A tractor is not a	vehicle	-3.0714474	Ġvehicle	['vehicle', 'machine', 'good', 'car', 'tool']	neg	aff
A basil is a	plant	-2.6258373	Ġplant	['small', 'type', 'plant', 'perennial', 'kind']	aff	aff
A basil is a	tool	-8.4785385	Ġtool	['small', 'type', 'plant', 'perennial', 'kind']	aff	neg
A basil is not a	tool	-8.576901	Ġtool	['basil', 'plant', 'tree', 'true', 'flower']	neg	neg
A basil is not a	plant	-3.4351635	Ġplant	['basil', 'plant', 'tree', 'true', 'flower']	neg	aff
A play is a	drama	-3.7491932	Ġdrama	['play', 'performance', '', 'production', 'group']	aff	aff
A play is a	person	-6.827366	Ġperson	['play', 'performance', '', 'production', 'group']	aff	neg
A play is not a	person	-6.019821	Ġperson	['play', 'good', 'movie', 'show', 'comedy']	neg	neg
A play is not a	drama	-4.7050514	Ġdrama	['play', 'good', 'movie', 'show', 'comedy']	neg	aff
A raspberry is a	fruit	-3.2303133	Ġfruit	['small', 'type', 'fruit', 'plant', 'raspberry']	aff	aff
A raspberry is a	vegetable	-5.840806	Ġvegetable	['small', 'type', 'fruit', 'plant', 'raspberry']	aff	neg
A raspberry is not a	vegetable	-4.8176937	Ġvegetable	['raspberry', 'fruit', 'plant', 'tomato', 'good']	neg	neg
A raspberry is not a	fruit	-3.1384878	Ġfruit	['raspberry', 'fruit', 'plant', 'tomato', 'good']	neg	aff
A canal is a	waterway	-2.7740965	Ġwater	['channel', 'water', 'body', 'canal', 'long']	aff	aff
A canal is a	road	-4.6757364	Ġroad	['channel', 'water', 'body', 'canal', 'long']	aff	neg
A canal is not a	road	-3.8190365	Ġroad	['straight', 'canal', 'river', 'road', 'natural']	neg	neg
A canal is not a	waterway	-4.6967564	Ġwater	['straight', 'canal', 'river', 'road', 'natural']	neg	aff
A flute is an	instrument	-0.5811634	Ġinstrument	['instrument', 'air', 'open', 'organ', 'ancient']	aff	aff
A flute is a	toy	-9.580867	Ġtoy	['musical', 'string', 'type', 'pipe', 'long']	aff	neg
A flute is not a	toy	-6.1191425	Ġtoy	['musical', 'flute', 'pipe', 'perfect', 'simple']	neg	neg
A flute is not an	instrument	-0.75165176	Ġinstrument	['instrument', 'organ', 'ideal', 'ordinary', 'exact']	neg	aff
A swallow is a	bird	-1.4275227	Ġbird	['bird', 'swallow', 'type', 'kind', 'very']	aff	aff
A swallow is a	mammal	-6.899832	Ġmamm	['bird', 'swallow', 'type', 'kind', 'very']	aff	neg
A swallow is not a	mammal	-7.735379	Ġmamm	['swallow', 'bird', 'duck', 'turtle', 'dove']	neg	neg
A swallow is not a	bird	-1.8224316	Ġbird	['swallow', 'bird', 'duck', 'turtle', 'dove']	neg	aff
A platypus is a	mammal	-1.2715645	Ġmamm	['mamm', 'unique', 'type', 'semi', 'kind']	aff	aff
A platypus is a	reptile	-3.739397	Ġrept	['mamm', 'unique', 'type', 'semi', 'kind']	aff	neg
A platypus is not a	reptile	-3.1784773	Ġrept	['mamm', 'turtle', 'bird', 'duck', 'rept']	neg	neg
A platypus is not a	mammal	-0.8250561	Ġmamm	['mamm', 'turtle', 'bird', 'duck', 'rept']	neg	aff
A squirrel is a	mammal	-7.20343	Ġmamm	['squirrel', '', 'certain', 'small', 'cute']	aff	aff
A squirrel is an	insect	-3.4074306	Ġinsect	['animal', 'old', 'insect', '', 'ant']	aff	neg
A squirrel is not an	insect	-2.5337925	Ġinsect	['animal', 'insect', 'ant', 'elephant', 'ordinary']	neg	neg
A squirrel is not a	mammal	-4.8799706	Ġmamm	['squirrel', 'bird', 'dog', 'rabbit', 'bad']	neg	aff
An antelope is an	animal	-0.30321693	Ġanimal	['animal', 'African', 'example', 'equ', '']	aff	aff
An antelope is a	flower	-10.953991	Ġflower	['', 'small', 'large', 'type', 'creature']	aff	neg
An antelope is not a	flower	-8.446674	Ġflower	['deer', 'rabbit', 'horse', 'cat', 'creature']	neg	neg
An antelope is not an	animal	-1.2832298	Ġanimal	['ant', 'animal', 'elephant', 'enemy', 'ox']	neg	aff
An ant is an	animal	-2.0719624	Ġanimal	['insect', 'animal', 'ant', 'inch', '']	aff	aff
An ant is a	vegetable	-8.985645	Ġvegetable	['traveler', '', 'walking', 'bug', 'moving']	aff	neg
An ant is not a	vegetable	-5.033119	Ġvegetable	['person', 'robot', 'bird', 'bug', 'plant']	neg	neg
An ant is not an	animal	-1.8459587	Ġanimal	['ant', 'insect', 'animal', 'object', 'organism']	neg	aff
A stag is an	animal	-0.77666855	Ġanimal	['animal', 'adult', 'important', 'old', 'ancient']	aff	aff
A stag is a	building	-9.686487	Ġbuilding	['male', 'female', 'large', 'type', 'deer']	aff	neg
A stag is not a	building	-9.480909	Ġbuilding	['stag', 'deer', 'cow', 'real', 'big']	neg	neg
A stag is not an	animal	-0.9701996	Ġanimal	['animal', 'elephant', 'ant', 'object', 'ordinary']	neg	aff
A bumblebee is an	insect	-0.3023491	Ġinsect	['insect', 'animal', 'in', 'important', 'amazing']	aff	aff
A bumblebee is a	toy	-11.044181	Ġtoy	['small', 'type', 'bee', 'tiny', 'large']	aff	neg
A bumblebee is not a	toy	-8.225002	Ġtoy	['bee', 'bug', 'b', 'honey', 'true']	neg	neg
A bumblebee is not an	insect	-0.58725166	Ġinsect	['insect', 'animal', 'ant', 'easy', 'alien']	neg	aff
A van is a	vehicle	-2.0057411	Ġvehicle	['vehicle', '', 'small', 'car', 'type']	aff	aff
A van is a	device	-7.184623	Ġdevice	['vehicle', '', 'small', 'car', 'type']	aff	neg
A van is not a	device	-7.542156	Ġdevice	['car', 'vehicle', 'good', 'van', 'very']	neg	neg
A van is not a	vehicle	-2.6768923	Ġvehicle	['car', 'vehicle', 'good', 'van', 'very']	neg	aff
A bat is an	animal	-0.94143486	Ġanimal	['animal', 'insect', 'electric', 'electrical', 'intelligent']	aff	aff
A bat is a	furniture	-12.455368	f	['mamm', 'bat', 'type', 'flying', 'large']	aff	neg
A bat is not a	furniture	-9.871418	Ġfurniture	['bird', 'dog', 'bat', 'mamm', 'cat']	neg	neg
A bat is not an	animal	-0.940506	Ġanimal	['animal', 'insect', 'object', 'egg', 'ant']	neg	aff
A bed is a	furniture	-4.554598	Ġfurniture	['bed', 'piece', 'simple', 'common', 'very']	aff	aff
A bed is a	toy	-7.6919317	Ġtoy	['bed', 'piece', 'simple', 'common', 'very']	aff	neg
A bed is not a	toy	-5.69217	Ġtoy	['bed', 'single', 'room', 'simple', 'piece']	neg	neg
A bed is not a	furniture	-6.347804	Ġfurniture	['bed', 'single', 'room', 'simple', 'piece']	neg	aff
A pencil is an	instrument	-3.9321957	Ġinstrument	['item', 'important', 'object', 'essential', 'example']	aff	aff
A pencil is an	animal	-6.780446	Ġanimal	['item', 'important', 'object', 'essential', 'example']	aff	neg
A pencil is not an	animal	-4.45397	Ġanimal	['object', 'item', 'ordinary', 'instrument', 'exact']	neg	neg
A pencil is not an	instrument	-3.2851315	Ġinstrument	['object', 'item', 'ordinary', 'instrument', 'exact']	neg	aff
A computer is a	device	-0.98796654	Ġdevice	['device', 'machine', 'special', 'type', 'digital']	aff	aff
A computer is a	fruit	-15.006401	Ġfruit	['device', 'machine', 'special', 'type', 'digital']	aff	neg
A computer is not a	fruit	-9.994421	Ġfruit	['machine', 'device', 'single', 'computer', 'physical']	neg	neg
A computer is not a	device	-2.9777546	Ġdevice	['machine', 'device', 'single', 'computer', 'physical']	neg	aff
A watch is a	gadget	-6.8274937	Ġgadget	['device', 'piece', 'good', 'time', '']	aff	aff
A watch is an	animal	-8.414039	Ġanimal	['important', 'expensive', 'instrument', 'item', 'electronic']	aff	neg
A watch is not an	animal	-5.2779894	Ġanimal	['object', 'instrument', 'item', 'expensive', 'asset']	neg	neg
A watch is not a	gadget	-6.6749744	Ġgadget	['good', 'clock', 'watch', 'machine', 'product']	neg	aff
A cake is a	sweet	-6.4936705	Ġsweet	['rectangular', 'cake', 'sphere', 'circle', 'delicious']	aff	aff
A cake is a	vegetable	-10.422785	Ġvegetable	['rectangular', 'cake', 'sphere', 'circle', 'delicious']	aff	neg
A cake is not a	vegetable	-7.8653784	Ġvegetable	['cake', 'cookie', 'dessert', 'simple', 'good']	neg	neg
A cake is not a	sweet	-8.117134	Ġsweet	['cake', 'cookie', 'dessert', 'simple', 'good']	neg	aff
A lever is a	machine	-3.7520714	Ġmachine	['simple', 'device', 'lever', 'tool', 'mechanical']	aff	aff
A lever is a	toy	-9.861228	Ġtoy	['simple', 'device', 'lever', 'tool', 'mechanical']	aff	neg
A lever is not a	toy	-7.8015394	Ġtoy	['lever', 'simple', 'rigid', 'tool', 'machine']	neg	neg
A lever is not a	machine	-3.3123407	Ġmachine	['lever', 'simple', 'rigid', 'tool', 'machine']	neg	aff
A shark is an	animal	-1.311224	Ġanimal	['animal', 'amazing', 'aquatic', 'interesting', 'ocean']	aff	aff
A shark is a	toy	-10.385792	Ġtoy	['large', 'great', 'shark', 'big', 'carniv']	aff	neg
A shark is not a	toy	-7.7919207	Ġtoy	['shark', 'fish', 'whale', 'mamm', 'human']	neg	neg
A shark is not an	animal	-1.2885876	Ġanimal	['animal', 'island', 'organism', 'amphib', 'object']	neg	aff
A ruby is a	gemstone	-2.78512	Ġgem	['ruby', 'type', 'gem', 'small', 'red']	aff	aff
A ruby is a	plant	-4.3105927	Ġplant	['ruby', 'type', 'gem', 'small', 'red']	aff	neg
A ruby is not a	plant	-4.248886	Ġplant	['ruby', 'gem', 'real', 'type', 'dog']	neg	neg
A ruby is not a	gemstone	-3.3046494	Ġgem	['ruby', 'gem', 'real', 'type', 'dog']	neg	aff
An armchair is a	furniture	-4.580763	Ġfurniture	['chair', 'small', 'piece', 'type', 'seat']	aff	aff
An armchair is a	tool	-4.6534348	Ġtool	['chair', 'small', 'piece', 'type', 'seat']	aff	neg
An armchair is not a	tool	-4.3159504	Ġtool	['chair', 'good', 'book', 'true', 'table']	neg	neg
An armchair is not a	furniture	-5.5637302	Ġfurniture	['chair', 'good', 'book', 'true', 'table']	neg	aff
A stencil is a	tool	-4.0041094	Ġtool	['thin', 'piece', 'flat', 'set', 'pattern']	aff	aff
A stencil is a	furniture	-11.013572	Ġfurniture	['thin', 'piece', 'flat', 'set', 'pattern']	aff	neg
A stencil is not a	furniture	-9.354387	Ġfurniture	['single', 'real', 'piece', 'physical', 'solid']	neg	neg
A stencil is not a	tool	-4.711339	Ġtool	['single', 'real', 'piece', 'physical', 'solid']	neg	aff
An earphone is an	electronics	-5.2487354	Ġelectronics	['electronic', 'audio', 'electrical', 'object', 'instrument']	aff	aff
An earphone is a	tool	-4.737254	Ġtool	['device', 'small', 'type', 'piece', 'portable']	aff	neg
An earphone is not a	tool	-4.886421	Ġtool	['phone', 'device', 'part', 'good', 'microphone']	neg	neg
An earphone is not an	electronics	-6.4536448	Ġelectronics	['ear', 'electronic', 'instrument', 'object', 'audio']	neg	aff
A skateboard is a	sport	-4.731944	Ġsport	['piece', 'popular', 'common', 'great', 'type']	aff	aff
A skateboard is a	game	-8.487603	Ġgame	['piece', 'popular', 'common', 'great', 'type']	aff	neg
A skateboard is not a	game	-6.7568903	Ġgame	['good', 'skateboard', 'bicycle', 'toy', 'vehicle']	neg	neg
A skateboard is not a	sport	-4.6411247	Ġsport	['good', 'skateboard', 'bicycle', 'toy', 'vehicle']	neg	aff
A brick is a	material	-6.8007135	Ġmaterial	['rectangular', 'right', 'solid', 'regular', '']	aff	aff
A brick is a	flower	-11.9420395	Ġflower	['rectangular', 'right', 'solid', 'regular', '']	aff	neg
A brick is not a	flower	-7.308118	Ġflower	['solid', 'rectangle', 'cube', 'square', 'rectangular']	neg	neg
A brick is not a	material	-5.5514307	Ġmaterial	['solid', 'rectangle', 'cube', 'square', 'rectangular']	neg	aff
A windmill is a	machine	-2.2173996	Ġmachine	['device', 'wind', 'machine', 'large', 'mechanical']	aff	aff
A windmill is a	mammal	-11.145515	ĠM	['device', 'wind', 'machine', 'large', 'mechanical']	aff	neg
A windmill is not a	mammal	-9.5029955	ĠM	['wind', 'machine', 'very', 'single', 'simple']	neg	neg
A windmill is not a	machine	-3.1939964	Ġmachine	['wind', 'machine', 'very', 'single', 'simple']	neg	aff
A tree is a	plant	-8.329283	Ġplant	['connected', 'graph', 'type', 'rooted', 'special']	aff	aff
A tree is a	mineral	-18.960249	Ġmineral	['connected', 'graph', 'type', 'rooted', 'special']	aff	neg
A tree is not a	mineral	-9.677498	Ġmineral	['tree', 'plant', 'straight', 'single', 'leaf']	neg	neg
A tree is not a	plant	-3.2796593	Ġplant	['tree', 'plant', 'straight', 'single', 'leaf']	neg	aff
A rock is a	stone	-4.634387	Ġstone	['sphere', 'solid', '', 'ball', 'cube']	aff	aff
A rock is a	tree	-8.105446	Ġtree	['sphere', 'solid', '', 'ball', 'cube']	aff	neg
A rock is not a	tree	-6.1106377	Ġtree	['solid', 'perfect', 'ball', 'sphere', 'rock']	neg	neg
A rock is not a	stone	-4.441719	Ġstone	['solid', 'perfect', 'ball', 'sphere', 'rock']	neg	aff
A mole is a	mammal	-8.8489485	ĠM	['unit', 'measure', 'quantity', 'fundamental', 'scientific']	aff	aff
A mole is a	fish	-14.539524	Ġfish	['unit', 'measure', 'quantity', 'fundamental', 'scientific']	aff	neg
A mole is not a	fish	-9.954007	Ġfish	['unit', 'real', 'physical', 'substance', 'number']	neg	neg
A mole is not a	mammal	-8.181657	ĠM	['unit', 'real', 'physical', 'substance', 'number']	neg	aff
A movie is a	media	-8.795024	Ġmedia	['', 'good', 'movie', 'special', 'great']	aff	aff
A movie is a	food	-10.9851885	Ġfood	['', 'good', 'movie', 'special', 'great']	aff	neg
A movie is not a	food	-6.639719	Ġfood	['movie', 'good', 'film', 'bad', 'book']	neg	neg
A movie is not a	media	-9.267574	Ġmedia	['movie', 'good', 'film', 'bad', 'book']	neg	aff
A paperback is a	book	-1.2196827	Ġbook	['book', 'paperback', '', 'type', 'paper']	aff	aff
A paperback is a	movie	-8.983672	Ġmovie	['book', 'paperback', '', 'type', 'paper']	aff	neg
A paperback is not a	movie	-8.016662	Ġmovie	['paperback', 'good', 'paper', 'book', 'standard']	neg	neg
A paperback is not a	book	-3.4822721	Ġbook	['paperback', 'good', 'paper', 'book', 'standard']	neg	aff
A tower is a	structure	-3.0772572	Ġstructure	['tall', 'structure', 'vertical', '', 'tower']	aff	aff
A tower is a	cave	-11.947397	Ġcave	['tall', 'structure', 'vertical', '', 'tower']	aff	neg
A tower is not a	cave	-8.770871	Ġcave	['perfect', 'simple', 'straight', 'tower', 'solid']	neg	neg
A tower is not a	structure	-5.183688	Ġstructure	['perfect', 'simple', 'straight', 'tower', 'solid']	neg	aff
An asylum is an	institution	-4.4157104	Ġinstitution	['area', 'asylum', 'official', 'immigration', 'international']	aff	aff
An asylum is a	game	-13.001409	Ġgame	['place', 'temporary', 'legal', 'state', 'type']	aff	neg
An asylum is not a	game	-9.669365	Ġgame	['place', 'permanent', 'state', 'destination', 'refuge']	neg	neg
An asylum is not an	institution	-4.7747326	Ġinstitution	['asylum', 'escape', 'official', 'option', 'island']	neg	aff
A rice is a	grain	-2.903036	Ġgrain	['type', 'grain', 'small', 'plant', 'rice']	aff	aff
A rice is a	fish	-7.416008	Ġfish	['type', 'grain', 'small', 'plant', 'rice']	aff	neg
A rice is not a	fish	-4.892126	Ġfish	['rice', 'grain', 'good', 'vegetable', 'plant']	neg	neg
A rice is not a	grain	-3.1184044	Ġgrain	['rice', 'grain', 'good', 'vegetable', 'plant']	neg	aff
A soup is a	food	-5.111393	Ġfood	['mixture', 'dish', 'soup', 'type', 'bowl']	aff	aff
A soup is a	plant	-7.7779016	Ġplant	['mixture', 'dish', 'soup', 'type', 'bowl']	aff	neg
A soup is not a	plant	-7.1158876	Ġplant	['soup', 'dish', 'meal', 'bowl', 'good']	neg	neg
A soup is not a	food	-4.6327925	Ġfood	['soup', 'dish', 'meal', 'bowl', 'good']	neg	aff
A ship is a	vehicle	-5.616678	Ġvehicle	['vessel', 'floating', 'large', 'ship', 'boat']	aff	aff
A ship is a	toy	-8.4454775	Ġtoy	['vessel', 'floating', 'large', 'ship', 'boat']	aff	neg
A ship is not a	toy	-6.33813	Ġtoy	['person', 'machine', 'vessel', 'ship', 'perfect']	neg	neg
A ship is not a	vehicle	-4.027953	Ġvehicle	['person', 'machine', 'vessel', 'ship', 'perfect']	neg	aff
A blueberry is a	fruit	-1.3282261	Ġfruit	['fruit', 'berry', 'small', 'type', 'sweet']	aff	aff
A blueberry is a	flower	-5.535384	Ġflower	['fruit', 'berry', 'small', 'type', 'sweet']	aff	neg
A blueberry is not a	flower	-5.14703	Ġflower	['fruit', 'berry', 'blue', 'good', 'type']	neg	neg
A blueberry is not a	fruit	-1.7003012	Ġfruit	['fruit', 'berry', 'blue', 'good', 'type']	neg	aff
A shirt is a	clothing	-4.9994583	Ġclothing	['good', 'piece', 'fashion', 'standard', 'product']	aff	aff
A shirt is a	food	-11.692479	Ġfood	['good', 'piece', 'fashion', 'standard', 'product']	aff	neg
A shirt is not a	food	-7.789713	Ġfood	['good', 'shirt', 'product', 'dress', 'piece']	neg	neg
A shirt is not a	clothing	-5.299055	Ġclothing	['good', 'shirt', 'product', 'dress', 'piece']	neg	aff
A dandelion is a	flower	-2.000351	Ġflower	['plant', 'flower', 'flowering', 'type', 'seed']	aff	aff
A dandelion is a	tree	-8.42	Ġtree	['plant', 'flower', 'flowering', 'type', 'seed']	aff	neg
A dandelion is not a	tree	-4.765958	Ġtree	['d', 'flower', 'plant', 'weed', 'dog']	neg	neg
A dandelion is not a	flower	-2.4697857	Ġflower	['d', 'flower', 'plant', 'weed', 'dog']	neg	aff
A perfume is a	liquid	-4.0943546	Ġliquid	['perfume', 'product', 'type', 'chemical', 'small']	aff	aff
A perfume is a	solid	-7.743226	Ġsolid	['perfume', 'product', 'type', 'chemical', 'small']	aff	neg
A perfume is not a	solid	-7.1589556	Ġsolid	['perfume', 'good', 'product', 'luxury', 'commodity']	neg	neg
A perfume is not a	liquid	-5.740137	Ġliquid	['perfume', 'good', 'product', 'luxury', 'commodity']	neg	aff
A cabbage is a	vegetable	-2.1174011	Ġvegetable	['vegetable', 'type', 'plant', 'cruc', 'cabbage']	aff	aff
A cabbage is a	furniture	-14.607698	f	['vegetable', 'type', 'plant', 'cruc', 'cabbage']	aff	neg
A cabbage is not a	furniture	-12.371449	Ġfurniture	['cabbage', 'vegetable', 'plant', 'tomato', 'fruit']	neg	neg
A cabbage is not a	vegetable	-2.1730328	Ġvegetable	['cabbage', 'vegetable', 'plant', 'tomato', 'fruit']	neg	aff
A pasta is a	dish	-3.4365082	Ġdish	['type', 'long', 'pasta', 'dish', 'thin']	aff	aff
A pasta is a	building	-10.598687	Ġbuilding	['type', 'long', 'pasta', 'dish', 'thin']	aff	neg
A pasta is not a	building	-9.072813	Ġbuilding	['pasta', 'dish', 'sauce', 'pizza', 'good']	neg	neg
A pasta is not a	dish	-4.0741673	Ġdish	['pasta', 'dish', 'sauce', 'pizza', 'good']	neg	aff
A brownie is a	dessert	-2.3026752	Ġdessert	['sweet', 'dessert', 'type', 'small', 'cake']	aff	aff
A brownie is a	fruit	-7.9126873	Ġfruit	['sweet', 'dessert', 'type', 'small', 'cake']	aff	neg
A brownie is not a	fruit	-3.9614	Ġfruit	['dessert', 'candy', 'brown', 'cake', 'cookie']	neg	neg
A brownie is not a	dessert	-2.5413113	Ġdessert	['dessert', 'candy', 'brown', 'cake', 'cookie']	neg	aff
A lounge is a	room	-2.2340794	Ġroom	['place', 'room', 'small', 'space', 'public']	aff	aff
A lounge is a	machine	-9.816859	Ġmachine	['place', 'room', 'small', 'space', 'public']	aff	neg
A lounge is not a	machine	-8.756345	Ġmachine	['place', 'room', 'good', 'lounge', 'real']	neg	neg
A lounge is not a	room	-3.1812057	Ġroom	['place', 'room', 'good', 'lounge', 'real']	neg	aff
A beach is a	coastline	-7.085025	Ġcoastline	['large', 'place', 'sandy', 'beach', 'natural']	aff	aff
A beach is a	forest	-8.300382	Ġforest	['large', 'place', 'sandy', 'beach', 'natural']	aff	neg
A beach is not a	forest	-6.060815	Ġforest	['beach', 'place', 'desert', 'natural', 'perfect']	neg	neg
A beach is not a	coastline	-7.354416	Ġcoastline	['beach', 'place', 'desert', 'natural', 'perfect']	neg	aff
A chicken is a	food	-6.414315	Ġfood	['chicken', 'bird', '', 'type', 'small']	aff	aff
A chicken is a	fruit	-7.8479805	Ġfruit	['chicken', 'bird', '', 'type', 'small']	aff	neg
A chicken is not a	fruit	-6.090966	Ġfruit	['chicken', 'bird', 'dog', 'duck', 'cat']	neg	neg
A chicken is not a	food	-7.308238	Ġfood	['chicken', 'bird', 'dog', 'duck', 'cat']	neg	aff
A koala is an	animal	-0.8312702	Ġanimal	['animal', 'Australian', 'endangered', 'unusual', 'e']	aff	aff
A koala is a	mineral	-13.709295	Ġmineral	['mars', 'mamm', 'unique', 'type', 'small']	aff	neg
A koala is not a	mineral	-12.997128	Ġmineral	['ko', 'kang', 'person', 'mamm', 'Ko']	neg	neg
A koala is not an	animal	-1.0766716	Ġanimal	['animal', 'Australian', 'elephant', 'ordinary', 'ant']	neg	aff
An ostrich is a	bird	-1.3846912	Ġbird	['bird', 'type', 'large', 'very', 'species']	aff	aff
An ostrich is a	mammal	-5.3139668	Ġmamm	['bird', 'type', 'large', 'very', 'species']	aff	neg
An ostrich is not a	mammal	-4.5387363	Ġmamm	['bird', 'chicken', 'good', 'duck', 'person']	neg	neg
An ostrich is not a	bird	-2.025301	Ġbird	['bird', 'chicken', 'good', 'duck', 'person']	neg	aff
A salad is a	food	-5.082408	Ġfood	['dish', 'salad', 'popular', 'meal', 'great']	aff	aff
A salad is a	drink	-7.7150927	Ġdrink	['dish', 'salad', 'popular', 'meal', 'great']	aff	neg
A salad is not a	drink	-8.088218	Ġdrink	['salad', 'dish', 'meal', 'good', 'sandwich']	neg	neg
A salad is not a	food	-5.920059	Ġfood	['salad', 'dish', 'meal', 'good', 'sandwich']	neg	aff
A pineapple is a	fruit	-0.8374119	Ġfruit	['fruit', 'pineapple', 'type', 'large', 'piece']	aff	aff
A pineapple is a	vegetable	-5.8785887	Ġvegetable	['fruit', 'pineapple', 'type', 'large', 'piece']	aff	neg
A pineapple is not a	vegetable	-4.5204983	Ġvegetable	['pineapple', 'fruit', 'good', 'banana', 'vegetable']	neg	neg
A pineapple is not a	fruit	-2.0730515	Ġfruit	['pineapple', 'fruit', 'good', 'banana', 'vegetable']	neg	aff
An eagle is a	bird	-0.96185875	Ġbird	['bird', 'type', 'large', 'flying', 'kind']	aff	aff
An eagle is a	plant	-10.801098	Ġplant	['bird', 'type', 'large', 'flying', 'kind']	aff	neg
An eagle is not a	plant	-7.3337975	Ġplant	['bird', 'dog', 'rabbit', 'fish', 'cat']	neg	neg
An eagle is not a	bird	-0.83999825	Ġbird	['bird', 'dog', 'rabbit', 'fish', 'cat']	neg	aff
A bicycle is a	transport	-6.5623283	Ġtransport	['two', 'simple', 'vehicle', 'bicycle', 'common']	aff	aff
A bicycle is a	gemstone	-13.192688	Ġgem	['two', 'simple', 'vehicle', 'bicycle', 'common']	aff	neg
A bicycle is not a	gemstone	-10.343474	Ġgem	['car', 'bicycle', 'vehicle', 'machine', 'toy']	neg	neg
A bicycle is not a	transport	-8.94064	Ġtransport	['car', 'bicycle', 'vehicle', 'machine', 'toy']	neg	aff
An iodine is an	element	-1.1281338	Ġelement	['element', 'important', 'is', 'atom', 'iod']	aff	aff
An iodine is a	mineral	-5.9303303	Ġmineral	['chemical', 'radioactive', 'very', 'compound', 'substance']	aff	neg
An iodine is not a	mineral	-4.9255238	Ġmineral	['(n', 'metal', '__', '____', 'chemical']	neg	neg
An iodine is not an	element	-1.0032139	Ġelement	['element', 'iod', 'active', 'is', 'essential']	neg	aff
A carbon is an	element	-1.1198692	Ġelement	['element', 'atom', 'atomic', 'organic', 'is']	aff	aff
A carbon is a	device	-7.972579	Ġdevice	['carbon', 'type', 'compound', 'solid', 'substance']	aff	neg
A carbon is not a	device	-8.467074	Ġdevice	['carbon', 'single', 'solid', 'substance', 'metal']	neg	neg
A carbon is not an	element	-1.0040512	Ġelement	['element', 'atom', 'object', 'atomic', 'ideal']	neg	aff
A salt is a	mineral	-4.5908995	Ġmineral	['substance', 'chemical', 'compound', 'mixture', 'solid']	aff	aff
A salt is a	toy	-13.1450615	Ġtoy	['substance', 'chemical', 'compound', 'mixture', 'solid']	aff	neg
A salt is not a	toy	-10.228336	Ġtoy	['pure', 'solid', 'substance', 'chemical', 'metal']	neg	neg
A salt is not a	mineral	-3.6252117	Ġmineral	['pure', 'solid', 'substance', 'chemical', 'metal']	neg	aff
A methane is a	gas	-2.1849651	Ġgas	['gas', 'compound', 'molecule', 'mixture', 'chemical']	aff	aff
A methane is a	liquid	-3.7843475	Ġliquid	['gas', 'compound', 'molecule', 'mixture', 'chemical']	aff	neg
A methane is not a	liquid	-3.3247728	Ġliquid	['gas', 'liquid', 'combust', 'pure', '____']	neg	neg
A methane is not a	gas	-2.1000805	Ġgas	['gas', 'liquid', 'combust', 'pure', '____']	neg	aff
A ladder is a	tool	-2.4650688	Ġtool	['tool', 'straight', 'very', '', 'useful']	aff	aff
A ladder is a	toy	-8.387903	Ġtoy	['tool', 'straight', 'very', '', 'useful']	aff	neg
A ladder is not a	toy	-7.5147552	Ġtoy	['straight', 'perfect', 'tool', 'solid', 'rigid']	neg	neg
A ladder is not a	tool	-3.2223797	Ġtool	['straight', 'perfect', 'tool', 'solid', 'rigid']	neg	aff
A cup is a	container	-2.8989868	Ġcontainer	['unit', 'container', 'cylindrical', 'vessel', 'small']	aff	aff
A cup is a	tool	-6.003648	Ġtool	['unit', 'container', 'cylindrical', 'vessel', 'small']	aff	neg
A cup is not a	tool	-6.693946	Ġtool	['cup', 'container', 'good', 'ball', 'coffee']	neg	neg
A cup is not a	container	-3.813096	Ġcontainer	['cup', 'container', 'good', 'ball', 'coffee']	neg	aff
A puppy is a	dog	-2.7698889	Ġdog	['puppy', 'dog', '', 'cute', 'pup']	aff	aff
A puppy is a	cat	-6.0051355	Ġcat	['puppy', 'dog', '', 'cute', 'pup']	aff	neg
A puppy is not a	cat	-3.490982	Ġcat	['puppy', 'dog', 'cat', 'baby', 'kitten']	neg	neg
A puppy is not a	dog	-1.2703075	Ġdog	['puppy', 'dog', 'cat', 'baby', 'kitten']	neg	aff
A stone is a	rock	-4.8388815	Ġrock	['solid', 'sphere', '', 'mass', 'small']	aff	aff
A stone is a	place	-7.9564323	Ġplace	['solid', 'sphere', '', 'mass', 'small']	aff	neg
A stone is not a	place	-7.141366	Ġplace	['stone', 'rock', 'solid', 'ball', 'perfect']	neg	neg
A stone is not a	rock	-3.228939	Ġrock	['stone', 'rock', 'solid', 'ball', 'perfect']	neg	aff
A clay is a	material	-4.3377113	Ġmaterial	['solid', 'rectangular', '', 'cylinder', 'cylindrical']	aff	aff
A clay is a	person	-8.270732	Ġperson	['solid', 'rectangular', '', 'cylinder', 'cylindrical']	aff	neg
A clay is not a	person	-6.471608	Ġperson	['solid', 'good', 'perfect', 'material', 'clay']	neg	neg
A clay is not a	material	-4.1023264	Ġmaterial	['solid', 'good', 'perfect', 'material', 'clay']	neg	aff
A dragon is a	creature	-2.6378193	Ġcreature	['mythical', 'creature', '', 'giant', 'legendary']	aff	aff
A dragon is a	plant	-10.210171	Ġplant	['mythical', 'creature', '', 'giant', 'legendary']	aff	neg
A dragon is not a	plant	-7.5286665	Ġplant	['dragon', 'real', 'person', 'monster', 'simple']	neg	neg
A dragon is not a	creature	-4.5927963	Ġcreature	['dragon', 'real', 'person', 'monster', 'simple']	neg	aff
A beetle is an	insect	-0.3674736	Ġinsect	['insect', 'animal', 'example', 'in', 'important']	aff	aff
A beetle is a	plant	-9.265226	Ġplant	['small', 'beetle', 'tiny', 'very', '']	aff	neg
A beetle is not a	plant	-4.7203054	Ġplant	['beetle', 'bug', 'worm', 'creature', 'living']	neg	neg
A beetle is not an	insect	-0.46985626	Ġinsect	['insect', 'animal', 'ant', 'object', 'organism']	neg	aff
A wheel is a	tool	-6.55009	Ġtool	['circle', 'solid', 'circular', 'simple', 'cylindrical']	aff	aff
A wheel is a	place	-9.091797	Ġplace	['circle', 'solid', 'circular', 'simple', 'cylindrical']	aff	neg
A wheel is not a	place	-8.479931	Ġplace	['point', 'perfect', 'circle', 'solid', 'sphere']	neg	neg
A wheel is not a	tool	-5.2510786	Ġtool	['point', 'perfect', 'circle', 'solid', 'sphere']	neg	aff
A daisy is a	plant	-3.357376	Ġplant	['flower', 'type', 'plant', 'common', 'd']	aff	aff
A daisy is an	animal	-6.75848	Ġanimal	['annual', 'orn', 'elegant', 'ideal', 'important']	aff	neg
A daisy is not an	animal	-3.7556438	Ġanimal	['apple', 'ordinary', 'actual', 'exact', 'object']	neg	neg
A daisy is not a	plant	-3.0313787	Ġplant	['flower', 'd', 'rose', 'plant', 'dog']	neg	aff
A holiday is a	break	-4.7146893	Ġbreak	['time', 'special', 'day', 'period', 'holiday']	aff	aff
A holiday is a	work	-7.7846966	Ġwork	['time', 'special', 'day', 'period', 'holiday']	aff	neg
A holiday is not a	work	-6.523473	Ġwork	['holiday', 'day', 'time', 'vacation', 'mere']	neg	neg
A holiday is not a	break	-5.532383	Ġbreak	['holiday', 'day', 'time', 'vacation', 'mere']	neg	aff
An insect is an	arthropod	-3.132965	Ġar	['insect', 'animal', 'organism', 'in', 'ar']	aff	aff
An insect is a	mammal	-7.0337543	Ġmamm	['small', 'tiny', 'creature', 'bug', 'type']	aff	neg
An insect is not a	mammal	-3.880269	Ġmamm	['plant', 'living', 'bug', 'person', 'bird']	neg	neg
An insect is not an	arthropod	-5.219801	Ġar	['insect', 'animal', 'organism', 'object', 'ant']	neg	aff
A lily is a	flora	-11.066264	fl	['flower', 'beautiful', 'type', 'plant', 'small']	aff	aff
A lily is a	tool	-10.57102	Ġtool	['flower', 'beautiful', 'type', 'plant', 'small']	aff	neg
A lily is not a	tool	-10.33332	Ġtool	['l', 'flower', 'rose', 'plant', 'lot']	neg	neg
A lily is not a	flora	-10.26113	fl	['l', 'flower', 'rose', 'plant', 'lot']	neg	aff
A cardinal is a	bird	-8.891819	Ġbird	['person', 'member', 'bishop', 'priest', 'cardinal']	aff	aff
A cardinal is a	tree	-8.715997	Ġtree	['person', 'member', 'bishop', 'priest', 'cardinal']	aff	neg
A cardinal is not a	tree	-6.3004827	Ġtree	['person', 'member', 'cardinal', 'real', 'bishop']	neg	neg
A cardinal is not a	bird	-5.925728	Ġbird	['person', 'member', 'cardinal', 'real', 'bishop']	neg	aff
A swan is a	bird	-1.7541046	Ġbird	['bird', 'large', 'type', 'beautiful', 'female']	aff	aff
A swan is a	plant	-7.369067	Ġplant	['bird', 'large', 'type', 'beautiful', 'female']	aff	neg
A swan is not a	plant	-6.399868	Ġplant	['bird', 'duck', 'fish', 'sw', 'goose']	neg	neg
A swan is not a	bird	-1.7986908	Ġbird	['bird', 'duck', 'fish', 'sw', 'goose']	neg	aff
A calliper is a	tool	-1.3870602	Ġtool	['tool', 'precision', 'measuring', 'type', 'device']	aff	aff
A calliper is a	weapon	-10.474186	Ġweapon	['tool', 'precision', 'measuring', 'type', 'device']	aff	neg
A calliper is not a	weapon	-8.644185	Ġweapon	['tool', 'standard', 'measuring', 'part', 'type']	neg	neg
A calliper is not a	tool	-1.9837837	Ġtool	['tool', 'standard', 'measuring', 'part', 'type']	neg	aff
A cathedral is a	church	-1.7795315	Ġchurch	['large', 'church', 'building', 'type', 'kind']	aff	aff
A cathedral is a	house	-7.315751	Ġhouse	['large', 'church', 'building', 'type', 'kind']	aff	neg
A cathedral is not a	house	-4.3352604	Ġhouse	['building', 'church', 'cathedral', 'place', 'single']	neg	neg
A cathedral is not a	church	-2.2481527	Ġchurch	['building', 'church', 'cathedral', 'place', 'single']	neg	aff
A pear is a	fruit	-1.7646942	Ġfruit	['pear', 'fruit', 'type', 'small', 'sweet']	aff	aff
A pear is a	vegetable	-6.1992702	Ġvegetable	['pear', 'fruit', 'type', 'small', 'sweet']	aff	neg
A pear is not a	vegetable	-5.0273514	Ġvegetable	['pear', 'fruit', 'p', 'peach', 'grape']	neg	neg
A pear is not a	fruit	-2.3831348	Ġfruit	['pear', 'fruit', 'p', 'peach', 'grape']	neg	aff
A watermelon is a	fruit	-1.7393684	Ġfruit	['fruit', 'sweet', '', 'perfect', 'type']	aff	aff
A watermelon is a	vegetable	-7.55659	Ġvegetable	['fruit', 'sweet', '', 'perfect', 'type']	aff	neg
A watermelon is not a	vegetable	-4.9161263	Ġvegetable	['fruit', 'good', 'water', 'perfect', 'ball']	neg	neg
A watermelon is not a	fruit	-2.0425854	Ġfruit	['fruit', 'good', 'water', 'perfect', 'ball']	neg	aff
A tugboat is a	vessel	-2.431778	Ġvessel	['boat', 'vessel', 'type', 'large', 'craft']	aff	aff
A tugboat is a	toy	-9.934858	Ġtoy	['boat', 'vessel', 'type', 'large', 'craft']	aff	neg
A tugboat is not a	toy	-6.110219	Ġtoy	['ship', 'boat', 'vessel', 'typical', 'single']	neg	neg
A tugboat is not a	vessel	-4.162718	Ġvessel	['ship', 'boat', 'vessel', 'typical', 'single']	neg	aff
A poet is a	writer	-2.7541857	Ġwriter	['person', 'poet', 'man', 'writer', 'human']	aff	aff
A poet is a	tool	-7.759552	Ġtool	['person', 'poet', 'man', 'writer', 'human']	aff	neg
A poet is not a	tool	-6.3395767	Ġtool	['poet', 'person', 'writer', 'man', 'painter']	neg	neg
A poet is not a	writer	-3.7450953	Ġwriter	['poet', 'person', 'writer', 'man', 'painter']	neg	aff
An athlete is a	sportsman	-4.7044563	Ġsports	['person', 'sprint', 'member', 'special', 'professional']	aff	aff
An athlete is a	poet	-10.248111	Ġpoet	['person', 'sprint', 'member', 'special', 'professional']	aff	neg
An athlete is not a	poet	-8.088532	Ġpoet	['person', 'good', 'man', 'perfect', 'human']	neg	neg
An athlete is not a	sportsman	-5.250016	Ġsports	['person', 'good', 'man', 'perfect', 'human']	neg	aff
A musician is a	professional	-2.2372131	Ġprofessional	['person', 'professional', 'musician', 'skilled', 'musical']	aff	aff
A musician is an	athlete	-6.272994	Ġathlete	['artist', 'individual', 'expert', 'instrument', 'important']	aff	neg
A musician is not an	athlete	-5.290717	Ġathlete	['ordinary', 'instrument', 'artist', 'easy', 'expert']	neg	neg
A musician is not a	professional	-4.786417	Ġprofessional	['musician', 'person', 'good', 'composer', 'musical']	neg	aff
A cook is a	chef	-2.9044962	Ġchef	['professional', 'cook', 'person', 'chef', 'skilled']	aff	aff
A cook is a	waiter	-4.904195	Ġwaiter	['professional', 'cook', 'person', 'chef', 'skilled']	aff	neg
A cook is not a	waiter	-5.6787252	Ġwaiter	['cook', 'chef', 'person', 'good', 'man']	neg	neg
A cook is not a	chef	-3.1008902	Ġchef	['cook', 'chef', 'person', 'good', 'man']	neg	aff
A shirt is a	garment	-4.1758842	Ġgarment	['good', 'piece', 'fashion', 'standard', 'product']	aff	aff
A shirt is a	house	-10.8774	Ġhouse	['good', 'piece', 'fashion', 'standard', 'product']	aff	neg
A shirt is not a	house	-7.09914	Ġhouse	['good', 'shirt', 'product', 'dress', 'piece']	neg	neg
A shirt is not a	garment	-4.313507	Ġgarment	['good', 'shirt', 'product', 'dress', 'piece']	neg	aff
A doorknob is a	furnishing	-14.966883	Ġfurn	['small', 'device', 'type', 'common', 'lever']	aff	aff
A doorknob is a	computer	-9.079517	Ġcomputer	['small', 'device', 'type', 'common', 'lever']	aff	neg
A doorknob is not a	computer	-5.8665915	Ġcomputer	['door', 'part', 'key', 'good', 'tool']	neg	neg
A doorknob is not a	furnishing	-12.487294	Ġfurn	['door', 'part', 'key', 'good', 'tool']	neg	aff
A spoon is an	utensil	-5.8157206	Ġutens	['essential', 'object', 'instrument', 'important', 'indispensable']	aff	aff
A spoon is a	toy	-7.602977	Ġtoy	['small', 'tool', 'utens', 'spoon', 'common']	aff	neg
A spoon is not a	toy	-5.132102	Ġtoy	['spoon', 'tool', 'utens', 'bowl', 'good']	neg	neg
A spoon is not an	utensil	-6.5144024	Ġutens	['object', 'instrument', 'item', 'essential', 'ideal']	neg	aff
A movie is a	film	-4.4619417	Ġfilm	['', 'good', 'movie', 'special', 'great']	aff	aff
A movie is a	place	-5.894742	Ġplace	['', 'good', 'movie', 'special', 'great']	aff	neg
A movie is not a	place	-5.4968414	Ġplace	['movie', 'good', 'film', 'bad', 'book']	neg	neg
A movie is not a	film	-3.4188166	Ġfilm	['movie', 'good', 'film', 'bad', 'book']	neg	aff
A mansion is a	building	-2.2806664	Ġbuilding	['large', 'building', 'house', 'place', 'type']	aff	aff
A mansion is an	apartment	-3.5659838	Ġapartment	['estate', 'old', 'architectural', 'expensive', 'enormous']	aff	neg
A mansion is not an	apartment	-3.616023	Ġapartment	['ordinary', 'ideal', 'easy', 'island', 'object']	neg	neg
A mansion is not a	building	-3.7536116	Ġbuilding	['house', 'mansion', 'place', 'good', 'building']	neg	aff
A monument is a	structure	-2.5955715	Ġstructure	['structure', 'piece', 'place', 'large', 'building']	aff	aff
A monument is a	toy	-10.527343	Ġtoy	['structure', 'piece', 'place', 'large', 'building']	aff	neg
A monument is not a	toy	-7.2080803	Ġtoy	['monument', 'building', 'tomb', 'place', 'statue']	neg	neg
A monument is not a	structure	-5.016658	Ġstructure	['monument', 'building', 'tomb', 'place', 'statue']	neg	aff
A candle is a	light	-4.306053	Ġlight	['rectangular', 'candle', 'cylindrical', '', 'unit']	aff	aff
A candle is a	sound	-12.234734	Ġsound	['rectangular', 'candle', 'cylindrical', '', 'unit']	aff	neg
A candle is not a	sound	-9.182933	Ġsound	['candle', 'perfect', 'good', 'light', 'lamp']	neg	neg
A candle is not a	light	-3.961588	Ġlight	['candle', 'perfect', 'good', 'light', 'lamp']	neg	aff
A poodle is a	dog	-1.6648064	Ġdog	['dog', 'large', 'breed', 'type', 'medium']	aff	aff
A poodle is a	bird	-9.1975155	Ġbird	['dog', 'large', 'breed', 'type', 'medium']	aff	neg
A poodle is not a	bird	-6.00914	Ġbird	['dog', 'p', 'cat', 'puppy', 'real']	neg	neg
A poodle is not a	dog	-0.9288883	Ġdog	['dog', 'p', 'cat', 'puppy', 'real']	neg	aff
A baby is a	human	-4.04072	Ġhuman	['baby', 'newborn', 'child', 'young', 'new']	aff	aff
A baby is a	cat	-8.568204	Ġcat	['baby', 'newborn', 'child', 'young', 'new']	aff	neg
A baby is not a	cat	-6.397217	Ġcat	['baby', 'child', 'person', 'newborn', 'perfect']	neg	neg
A baby is not a	human	-4.598274	Ġhuman	['baby', 'child', 'person', 'newborn', 'perfect']	neg	aff
A snowflake is a	flake	-8.378021	Ġfl	['shape', 'very', 'fract', 'perfect', 'geometric']	aff	aff
A snowflake is a	cloud	-10.4909525	Ġcloud	['shape', 'very', 'fract', 'perfect', 'geometric']	aff	neg
A snowflake is not a	cloud	-8.329971	Ġcloud	['perfect', 'sphere', 'snow', 'triangle', 'regular']	neg	neg
A snowflake is not a	flake	-6.7673206	Ġfl	['perfect', 'sphere', 'snow', 'triangle', 'regular']	neg	aff
A violin is an	instrument	-0.39489746	Ġinstrument	['instrument', 'acoustic', 'important', 'ancient', 'object']	aff	aff
A violin is a	toy	-9.614719	Ġtoy	['string', 'musical', 'bowed', 'type', 'small']	aff	neg
A violin is not a	toy	-4.9143257	Ġtoy	['violin', 'musical', 'string', 'piano', 'perfect']	neg	neg
A violin is not an	instrument	-0.7554493	Ġinstrument	['instrument', 'object', 'ideal', 'ordinary', 'orchestra']	neg	aff
A spade is a	tool	-1.3319492	Ġtool	['tool', 'type', 'small', 'digging', 'shovel']	aff	aff
A spade is a	food	-9.61971	Ġfood	['tool', 'type', 'small', 'digging', 'shovel']	aff	neg
A spade is not a	food	-7.9907427	Ġfood	['tool', 'shovel', 'real', 'weapon', 'sword']	neg	neg
A spade is not a	tool	-2.4094658	Ġtool	['tool', 'shovel', 'real', 'weapon', 'sword']	neg	aff
An onion is a	vegetable	-4.7002296	Ġvegetable	['type', 'good', 'plant', 'very', 'great']	aff	aff
An onion is a	fruit	-5.806343	Ġfruit	['type', 'good', 'plant', 'very', 'great']	aff	neg
An onion is not a	fruit	-3.5764713	Ġfruit	['single', 'vegetable', 'perfect', 'fruit', 'plant']	neg	neg
An onion is not a	vegetable	-3.5136127	Ġvegetable	['single', 'vegetable', 'perfect', 'fruit', 'plant']	neg	aff
A mailman is a	worker	-5.818218	Ġworker	['person', 'man', 'delivery', 'mail', 'type']	aff	aff
A mailman is a	police	-5.6164618	Ġpolice	['person', 'man', 'delivery', 'mail', 'type']	aff	neg
A mailman is not a	police	-4.174919	Ġpolice	['person', 'man', 'good', 'policeman', 'police']	neg	neg
A mailman is not a	worker	-6.710367	Ġworker	['person', 'man', 'good', 'policeman', 'police']	neg	aff
A policeman is a	worker	-7.8352976	Ġworker	['person', 'policeman', 'man', 'police', 'detective']	aff	aff
A policeman is a	material	-12.497154	Ġmaterial	['person', 'policeman', 'man', 'police', 'detective']	aff	neg
A policeman is not a	material	-12.393633	Ġmaterial	['policeman', 'person', 'police', 'man', 'good']	neg	neg
A policeman is not a	worker	-8.814966	Ġworker	['policeman', 'person', 'police', 'man', 'good']	neg	aff
A sand is a	material	-5.4234915	Ġmaterial	['mixture', 'rectangular', '', 'type', 'small']	aff	aff
A sand is a	house	-9.506531	Ġhouse	['mixture', 'rectangular', '', 'type', 'small']	aff	neg
A sand is not a	house	-6.2700577	Ġhouse	['sand', 'solid', 'rock', 'stone', 'good']	neg	neg
A sand is not a	material	-4.7345133	Ġmaterial	['sand', 'solid', 'rock', 'stone', 'good']	neg	aff
A grapefruit is a	fruit	-1.6683445	Ġfruit	['fruit', 'citrus', 'type', 'small', 'large']	aff	aff
A grapefruit is a	color	-9.758715	Ġcolor	['fruit', 'citrus', 'type', 'small', 'large']	aff	neg
A grapefruit is not a	color	-7.625061	Ġcolor	['fruit', 'grape', 'type', 'citrus', 'good']	neg	neg
A grapefruit is not a	fruit	-1.712534	Ġfruit	['fruit', 'grape', 'type', 'citrus', 'good']	neg	aff
A couch is a	furniture	-3.8133554	Ġfurniture	['piece', 'sofa', 'couch', 'common', 'table']	aff	aff
A couch is a	building	-6.8233232	Ġbuilding	['piece', 'sofa', 'couch', 'common', 'table']	aff	neg
A couch is not a	building	-7.0108633	Ġbuilding	['couch', 'sofa', 'chair', 'table', 'piece']	neg	neg
A couch is not a	furniture	-4.907234	Ġfurniture	['couch', 'sofa', 'chair', 'table', 'piece']	neg	aff
A lawyer is a	professional	-1.702282	Ġprofessional	['person', 'professional', 'lawyer', 'man', 'legal']	aff	aff
A lawyer is a	judge	-5.454425	Ġjudge	['person', 'professional', 'lawyer', 'man', 'legal']	aff	neg
A lawyer is not a	judge	-3.6204224	Ġjudge	['person', 'lawyer', 'doctor', 'professional', 'judge']	neg	neg
A lawyer is not a	professional	-3.577567	Ġprofessional	['person', 'lawyer', 'doctor', 'professional', 'judge']	neg	aff
A brinjal is a	vegetable	-2.333171	Ġvegetable	['type', 'vegetable', 'small', 'kind', 'plant']	aff	aff
A brinjal is a	fruit	-4.9386864	Ġfruit	['type', 'vegetable', 'small', 'kind', 'plant']	aff	neg
A brinjal is not a	fruit	-3.1165752	Ġfruit	['vegetable', 'fruit', 'plant', 'tomato', 'true']	neg	neg
A brinjal is not a	vegetable	-1.7000408	Ġvegetable	['vegetable', 'fruit', 'plant', 'tomato', 'true']	neg	aff
A moon is a	satellite	-2.5959396	Ġsatellite	['celestial', 'planet', 'satellite', 'spherical', 'small']	aff	aff
A moon is a	star	-5.742997	Ġstar	['celestial', 'planet', 'satellite', 'spherical', 'small']	aff	neg
A moon is not a	star	-3.9974422	Ġstar	['planet', 'moon', 'satellite', 'full', 'star']	neg	neg
A moon is not a	satellite	-3.3174438	Ġsatellite	['planet', 'moon', 'satellite', 'full', 'star']	neg	aff
A dresser is a	furniture	-3.8032513	Ġfurniture	['piece', 'type', 'table', 'rectangular', 'large']	aff	aff
A dresser is a	house	-7.15732	Ġhouse	['piece', 'type', 'table', 'rectangular', 'large']	aff	neg
A dresser is not a	house	-5.976716	Ġhouse	['dresser', 'good', 'table', 'mirror', 'piece']	neg	neg
A dresser is not a	furniture	-4.8952274	Ġfurniture	['dresser', 'good', 'table', 'mirror', 'piece']	neg	aff
A canoe is a	boat	-2.6389866	Ġboat	['water', 'boat', 'vessel', 'small', 'type']	aff	aff
A canoe is a	yacht	-10.568942	Ġyacht	['water', 'boat', 'vessel', 'small', 'type']	aff	neg
A canoe is not a	yacht	-7.4126644	Ġyacht	['boat', 'good', 'perfect', 'vehicle', 'ship']	neg	neg
A canoe is not a	boat	-2.187849	Ġboat	['boat', 'good', 'perfect', 'vehicle', 'ship']	neg	aff
A park is a	facility	-8.470739	Ġfacility	['rectangular', 'rectangle', 'square', 'circular', '']	aff	aff
A park is a	paperwork	-16.022118	Ġpaperwork	['rectangular', 'rectangle', 'square', 'circular', '']	aff	neg
A park is not a	paperwork	-15.256131	Ġpaperwork	['place', 'park', 'garden', 'playground', 'good']	neg	neg
A park is not a	facility	-9.434334	Ġfacility	['place', 'park', 'garden', 'playground', 'good']	neg	aff
A farm is a	land	-4.3268356	Ġland	['place', 'large', 'farm', 'farmer', 'small']	aff	aff
A farm is a	color	-13.080525	Ġcolor	['place', 'large', 'farm', 'farmer', 'small']	aff	neg
A farm is not a	color	-10.58793	Ġcolor	['farm', 'place', 'single', 'small', 'good']	neg	neg
A farm is not a	land	-5.5953026	Ġland	['farm', 'place', 'single', 'small', 'good']	neg	aff
A disc is an	electronics	-12.261772	Ġelectronics	['object', 'irregular', 'open', 'interesting', 'important']	aff	aff
A disc is a	material	-7.490904	Ġmaterial	['solid', 'circular', 'flat', '', 'two']	aff	neg
A disc is not a	material	-7.344266	Ġmaterial	['sphere', 'solid', 'circle', 'perfect', 'cylinder']	neg	neg
A disc is not an	electronics	-12.283706	Ġelectronics	['object', 'ideal', 'element', 'ellipse', 'actual']	neg	aff
A window is a	structure	-4.45642	Ġstructure	['window', 'rectangular', 'rectangle', 'frame', 'piece']	aff	aff
A window is a	place	-6.4834595	Ġplace	['window', 'rectangular', 'rectangle', 'frame', 'piece']	aff	neg
A window is not a	place	-5.308055	Ġplace	['window', 'door', 'wall', 'single', 'rectangle']	neg	neg
A window is not a	structure	-6.345188	Ġstructure	['window', 'door', 'wall', 'single', 'rectangle']	neg	aff
A pumpkin is a	vegetable	-6.184375	Ġvegetable	['sphere', 'cylinder', 'cylindrical', 'cube', '']	aff	aff
A pumpkin is a	fruit	-3.4589357	Ġfruit	['sphere', 'cylinder', 'cylindrical', 'cube', '']	aff	neg
A pumpkin is not a	fruit	-2.9647675	Ġfruit	['pumpkin', 'fruit', 'good', 'vegetable', 'tomato']	neg	neg
A pumpkin is not a	vegetable	-3.9876394	Ġvegetable	['pumpkin', 'fruit', 'good', 'vegetable', 'tomato']	neg	aff
A bowl is an	utensil	-11.915178	Ġutens	['open', 'important', 'object', 'integral', 'equ']	aff	aff
A bowl is a	toy	-7.511735	Ġtoy	['rectangular', 'cube', 'container', 'square', 'cylindrical']	aff	neg
A bowl is not a	toy	-6.8422356	Ġtoy	['bowl', 'cup', 'container', 'dish', 'box']	neg	neg
A bowl is not an	utensil	-9.140998	Ġutens	['empty', 'object', 'egg', 'open', 'ordinary']	neg	aff
A fox is a	mammal	-7.7379227	Ġmamm	['fox', 'dog', '', 'man', 'very']	aff	aff
A fox is a	fish	-9.119645	Ġfish	['fox', 'dog', '', 'man', 'very']	aff	neg
A fox is not a	fish	-5.001608	Ġfish	['dog', 'rabbit', 'fox', 'bird', 'cat']	neg	neg
A fox is not a	mammal	-5.939266	Ġmamm	['dog', 'rabbit', 'fox', 'bird', 'cat']	neg	aff
A spider is an	arthropod	-2.9781036	Ġar	['insect', 'animal', 'ar', 'interesting', 'amazing']	aff	aff
A spider is a	plant	-7.168679	Ġplant	['spider', 'small', 'very', 'web', 'bug']	aff	neg
A spider is not a	plant	-4.7748976	Ġplant	['spider', 'bug', 'fly', 'mouse', 'bird']	neg	neg
A spider is not an	arthropod	-4.5980043	Ġar	['insect', 'animal', 'ant', 'organism', 'oct']	neg	aff
A mountain is a	place	-3.7941704	Ġplace	['', 'hill', 'rectangular', 'square', 'mountain']	aff	aff
A mountain is a	thing	-8.310372	Ġthing	['', 'hill', 'rectangular', 'square', 'mountain']	aff	neg
A mountain is not a	thing	-5.4685907	Ġthing	['mountain', 'hill', 'single', 'place', 'peak']	neg	neg
A mountain is not a	place	-3.999013	Ġplace	['mountain', 'hill', 'single', 'place', 'peak']	neg	aff
A magazine is a	publication	-1.7182102	Ġpublication	['publication', 'magazine', 'popular', 'type', 'collection']	aff	aff
A magazine is a	drink	-11.754564	Ġdrink	['publication', 'magazine', 'popular', 'type', 'collection']	aff	neg
A magazine is not a	drink	-9.617496	Ġdrink	['newspaper', 'book', 'magazine', 'good', 'place']	neg	neg
A magazine is not a	publication	-4.675956	Ġpublication	['newspaper', 'book', 'magazine', 'good', 'place']	neg	aff
A desk is a	furnishing	-11.338047	Ġfurn	['piece', 'desk', 'small', 'table', 'place']	aff	aff
A desk is a	noun	-9.99286	Ġnoun	['piece', 'desk', 'small', 'table', 'place']	aff	neg
A desk is not a	noun	-11.183209	Ġnoun	['desk', 'table', 'piece', 'place', 'chair']	neg	neg
A desk is not a	furnishing	-13.0419655	Ġfurn	['desk', 'table', 'piece', 'place', 'chair']	neg	aff
A lamp is a	decoration	-8.31115	Ġdecoration	['light', 'device', '', 'lamp', 'good']	aff	aff
A lamp is a	toy	-7.133813	Ġtoy	['light', 'device', '', 'lamp', 'good']	aff	neg
A lamp is not a	toy	-5.4042892	Ġtoy	['lamp', 'light', 'good', 'thing', 'device']	neg	neg
A lamp is not a	decoration	-7.83444	Ġdecoration	['lamp', 'light', 'good', 'thing', 'device']	neg	aff
A pen is a	stationary	-8.069995	Ġstationary	['good', 'pencil', 'piece', 'station', 'smaller']	aff	aff
A pen is a	food	-10.545187	Ġfood	['good', 'pencil', 'piece', 'station', 'smaller']	aff	neg
A pen is not a	food	-7.9621	Ġfood	['good', 'pen', 'pencil', 'tool', 'toy']	neg	neg
A pen is not a	stationary	-7.042554	Ġstationary	['good', 'pen', 'pencil', 'tool', 'toy']	neg	aff
An eraser is a	stationary	-7.165596	Ġstationary	['small', 'tool', 'pencil', 'very', 'type']	aff	aff
An eraser is a	food	-11.452993	Ġfood	['small', 'tool', 'pencil', 'very', 'type']	aff	neg
An eraser is not a	food	-9.247815	Ġfood	['pencil', 'tool', 'good', 'pen', 'toy']	neg	neg
An eraser is not a	stationary	-8.748338	Ġstationary	['pencil', 'tool', 'good', 'pen', 'toy']	neg	aff
A library is a	building	-3.1617146	Ġbuilding	['place', 'collection', 'building', 'space', 'special']	aff	aff
A library is a	drink	-14.850693	Ġdrink	['place', 'collection', 'building', 'space', 'special']	aff	neg
A library is not a	drink	-11.604431	Ġdrink	['place', 'library', 'physical', 'book', 'perfect']	neg	neg
A library is not a	building	-4.4630737	Ġbuilding	['place', 'library', 'physical', 'book', 'perfect']	neg	aff
A website is a	webpage	-4.6783695	Ġwebpage	['collection', 'web', 'place', 'website', 'network']	aff	aff
A website is a	computer	-4.046137	Ġcomputer	['collection', 'web', 'place', 'website', 'network']	aff	neg
A website is not a	computer	-4.2057114	Ġcomputer	['good', 'web', 'perfect', 'single', 'website']	neg	neg
A website is not a	webpage	-6.0096655	ĠWeb	['good', 'web', 'perfect', 'single', 'website']	neg	aff
A king is a	ruler	-4.10968	Ġruler	['person', 'king', 'man', 'monarch', 'ruler']	aff	aff
A king is a	servant	-7.770914	Ġservant	['person', 'king', 'man', 'monarch', 'ruler']	aff	neg
A king is not a	servant	-6.2192106	Ġservant	['king', 'person', 'man', 'knight', 'fool']	neg	neg
A king is not a	ruler	-4.7282333	Ġruler	['king', 'person', 'man', 'knight', 'fool']	neg	aff
A snowman is a	sculpture	-4.3413486	Ġsculpture	['three', 'cone', 'hollow', 'ball', 'popular']	aff	aff
A snowman is a	building	-5.7169943	Ġbuilding	['three', 'cone', 'hollow', 'ball', 'popular']	aff	neg
A snowman is not a	building	-5.6132393	Ġbuilding	['snow', 'real', 'ball', 'perfect', 'pyramid']	neg	neg
A snowman is not a	sculpture	-5.4474144	Ġsculpture	['snow', 'real', 'ball', 'perfect', 'pyramid']	neg	aff
A vacuum is a	machine	-7.858135	Ġmachine	['state', 'space', 'vacuum', 'closed', 'container']	aff	aff
A vacuum is a	pet	-12.268618	Ġpet	['state', 'space', 'vacuum', 'closed', 'container']	aff	neg
A vacuum is not a	pet	-10.933717	Ġpet	['vacuum', 'perfect', 'state', 'place', 'substance']	neg	neg
A vacuum is not a	machine	-7.0091124	Ġmachine	['vacuum', 'perfect', 'state', 'place', 'substance']	neg	aff
A robot is a	machine	-2.802082	Ġmachine	['robot', 'machine', 'device', 'type', 'small']	aff	aff
A robot is a	pet	-8.700486	Ġpet	['robot', 'machine', 'device', 'type', 'small']	aff	neg
A robot is not a	pet	-7.684716	Ġpet	['robot', 'machine', 'person', 'computer', 'simple']	neg	neg
A robot is not a	machine	-2.6795778	Ġmachine	['robot', 'machine', 'person', 'computer', 'simple']	neg	aff
A seagull is a	bird	-0.7039833	Ġbird	['bird', 'small', 'type', 'seab', 'kind']	aff	aff
A seagull is a	mammal	-9.162689	Ġmamm	['bird', 'small', 'type', 'seab', 'kind']	aff	neg
A seagull is not a	mammal	-7.4707346	Ġmamm	['bird', 'se', '____', '__', 'pigeon']	neg	neg
A seagull is not a	bird	-1.0609703	Ġbird	['bird', 'se', '____', '__', 'pigeon']	neg	aff
A dress is a	garment	-5.465172	Ġgarment	['certain', 'piece', 'dress', '', 'good']	aff	aff
A dress is a	device	-11.559465	Ġdevice	['certain', 'piece', 'dress', '', 'good']	aff	neg
A dress is not a	device	-9.751982	Ġdevice	['dress', 'good', 'garment', 'skirt', 'woman']	neg	neg
A dress is not a	garment	-4.164459	Ġgarment	['dress', 'good', 'garment', 'skirt', 'woman']	neg	aff
A swamp is a	habitat	-4.899748	Ġhabitat	['wet', 'swamp', 'marsh', 'large', 'type']	aff	aff
A swamp is a	tree	-8.807181	Ġtree	['wet', 'swamp', 'marsh', 'large', 'type']	aff	neg
A swamp is not a	tree	-6.1089315	Ġtree	['swamp', 'lake', 'place', 'desert', 'forest']	neg	neg
A swamp is not a	habitat	-6.111597	Ġhabitat	['swamp', 'lake', 'place', 'desert', 'forest']	neg	aff
A continent is a	landmass	-3.2944355	Ġland	['large', 'huge', 'vast', 'piece', 'continent']	aff	aff
A continent is a	liquid	-14.01786	Ġliquid	['large', 'huge', 'vast', 'piece', 'continent']	aff	neg
A continent is not a	liquid	-10.828299	Ġliquid	['single', 'continent', 'land', 'country', 'place']	neg	neg
A continent is not a	landmass	-2.9585533	Ġland	['single', 'continent', 'land', 'country', 'place']	neg	aff
An icecream is a	dessert	-3.8824282	Ġdessert	['cone', 'delicious', 'rectangular', 'cube', 'type']	aff	aff
An icecream is a	plant	-9.166534	Ġplant	['cone', 'delicious', 'rectangular', 'cube', 'type']	aff	neg
An ice cream is not a	plant	-8.089609	Ġplant	['dessert', 'cookie', 'good', 'candy', 'cake']	neg	neg
An ice cream is not a	dessert	-2.8615532	Ġdessert	['dessert', 'cookie', 'good', 'candy', 'cake']	neg	aff
A cake is a	dish	-9.697397	Ġdish	['rectangular', 'cake', 'sphere', 'circle', 'delicious']	aff	aff
A cake is a	tree	-10.105414	Ġtree	['rectangular', 'cake', 'sphere', 'circle', 'delicious']	aff	neg
A cake is not a	tree	-7.921031	Ġtree	['cake', 'cookie', 'dessert', 'simple', 'good']	neg	neg
A cake is not a	dish	-7.4968004	Ġdish	['cake', 'cookie', 'dessert', 'simple', 'good']	neg	aff
A cookie is a	dessert	-10.763397	Ġdessert	['small', 'piece', 'text', 'tiny', 'file']	aff	aff
A cookie is a	toy	-10.824027	Ġtoy	['small', 'piece', 'text', 'tiny', 'file']	aff	neg
A cookie is not a	toy	-6.6632156	Ġtoy	['cookie', 'good', 'virus', 'valid', 'real']	neg	neg
A cookie is not a	dessert	-6.6314793	Ġdessert	['cookie', 'good', 'virus', 'valid', 'real']	neg	aff
A bird is an	organism	-5.0981674	Ġorganism	['insect', 'animal', 'example', 'eagle', 'object']	aff	aff
A bird is a	toy	-8.368799	Ġtoy	['bird', 'type', 'good', 'flying', '']	aff	neg
A bird is not a	toy	-7.161482	Ġtoy	['bird', 'person', 'fish', 'dog', 'human']	neg	neg
A bird is not an	organism	-4.098419	Ġorganism	['animal', 'insect', 'object', 'egg', 'airplane']	neg	aff
A mammal is a	vertebrate	-1.7588234	Ġverte	['verte', 'mamm', 'large', 'warm', 'creature']	aff	aff
A mammal is a	place	-8.788624	Ġplace	['verte', 'mamm', 'large', 'warm', 'creature']	aff	neg
A mammal is not a	place	-6.9169235	Ġplace	['mamm', 'plant', 'fish', 'bird', 'person']	neg	neg
A mammal is not a	vertebrate	-5.143449	Ġverte	['mamm', 'plant', 'fish', 'bird', 'person']	neg	aff
A relative is a	family	-5.2544613	Ġfamily	['person', 'group', 'member', 'type', 'child']	aff	aff
A relative is a	furniture	-10.092961	Ġfurniture	['person', 'group', 'member', 'type', 'child']	aff	neg
A relative is not a	furniture	-9.597278	Ġfurniture	['person', 'relative', 'member', 'single', 'part']	neg	neg
A relative is not a	family	-5.494625	Ġfamily	['person', 'relative', 'member', 'single', 'part']	neg	aff
A vehicle is a	transportation	-4.70833	Ġtransportation	['vehicle', 'machine', 'type', 'device', 'mechanical']	aff	aff
A vehicle is a	bird	-11.203882	Ġbird	['vehicle', 'machine', 'type', 'device', 'mechanical']	aff	neg
A vehicle is not a	bird	-7.93855	Ġbird	['vehicle', 'single', 'machine', 'person', 'car']	neg	neg
A vehicle is not a	transportation	-6.757658	Ġtransportation	['vehicle', 'single', 'machine', 'person', 'car']	neg	aff
A vegetable is a	snack	-7.6864977	Ġsnack	['plant', 'type', 'vegetable', 'kind', 'food']	aff	aff
A vegetable is an	insect	-5.9232855	Ġinsect	['important', 'edible', 'example', 'agricultural', 'organic']	aff	neg
A vegetable is not an	insect	-4.4916096	Ġinsect	['animal', 'object', 'item', 'apple', 'organic']	neg	neg
A vegetable is not a	snack	-6.152999	Ġsnack	['vegetable', 'fruit', 'plant', 'food', 'good']	neg	aff
A shoe is an	apparel	-7.667777	Ġapparel	['item', 'object', 'article', 'important', 'essential']	aff	aff
A shoe is a	bottle	-10.927464	Ġbottle	['pair', 'piece', 'small', 'shoe', 'good']	aff	neg
A shoe is not a	bottle	-8.753636	Ġbottle	['shoe', 'good', 'toy', 'pair', 'product']	neg	neg
A shoe is not an	apparel	-8.299975	Ġapparel	['object', 'item', 'ordinary', 'expensive', 'everyday']	neg	aff
A sock is an	apparel	-10.264366	Ġapparel	['object', 'item', 'opaque', 'equ', 'odd']	aff	aff
A sock is a	shoe	-5.6064167	Ġshoe	['rectangular', 'pair', 'square', 'piece', 'box']	aff	neg
A sock is not a	shoe	-3.238696	Ġshoe	['sock', 'shoe', 'pair', 'good', 'ball']	neg	neg
A sock is not an	apparel	-7.7473736	Ġapparel	['object', 'item', 'sock', 'empty', 'ordinary']	neg	aff
A sheep is a	mammal	-4.534395	Ġmamm	['sheep', 'small', 'type', 'member', 'large']	aff	aff
A sheep is a	plant	-6.5354643	Ġplant	['sheep', 'small', 'type', 'member', 'large']	aff	neg
A sheep is not a	plant	-4.9488792	Ġplant	['sheep', 'dog', 'person', 'cow', 'horse']	neg	neg
A sheep is not a	mammal	-5.840911	Ġmamm	['sheep', 'dog', 'person', 'cow', 'horse']	neg	aff
A python is a	reptile	-3.323101	Ġrept	['type', 'small', 'bird', 'rept', 'member']	aff	aff
A python is a	place	-10.664579	Ġplace	['type', 'small', 'bird', 'rept', 'member']	aff	neg
A python is not a	place	-7.8243523	Ġplace	['type', 'bird', 'computer', 'snake', 'dog']	neg	neg
A python is not a	reptile	-4.7900248	Ġrept	['type', 'bird', 'computer', 'snake', 'dog']	neg	aff
A river is an	ecosystem	-5.1224594	Ġecosystem	['important', 'open', 'essential', 'est', 'artificial']	aff	aff
A river is a	landmass	-8.691468	Ġland	['river', '', 'rectangular', 'channel', 'straight']	aff	neg
A river is not a	landmass	-6.248809	Ġland	['river', 'straight', 'natural', 'lake', 'closed']	neg	neg
A river is not an	ecosystem	-4.2894917	Ġecosystem	['ideal', 'obstacle', 'infinite', 'open', 'island']	neg	aff
An ocean is an	ecosystem	-5.8540497	Ġecosystem	['area', 'ocean', 'open', 'enclosed', 'empty']	aff	aff
An ocean is a	desert	-9.913582	Ġdesert	['large', 'body', 'sea', 'vast', 'massive']	aff	neg
An ocean is not a	desert	-5.2690897	Ġdesert	['sea', 'perfect', 'place', 'single', 'body']	neg	neg
An ocean is not an	ecosystem	-6.007269	Ġecosystem	['ocean', 'empty', 'island', 'ideal', 'open']	neg	aff
A poet is an	artist	-1.1745605	Ġartist	['artist', 'individual', 'author', 'art', 'expert']	aff	aff
A poet is a	food	-10.900148	Ġfood	['person', 'poet', 'man', 'writer', 'human']	aff	neg
A poet is not a	food	-8.473769	Ġfood	['poet', 'person', 'writer', 'man', 'painter']	neg	neg
A poet is not an	artist	-1.4388733	Ġartist	['artist', 'ordinary', 'author', 'expert', 'angel']	neg	aff
A painter is an	artist	-1.442421	Ġartist	['artist', 'expert', 'important', 'art', 'architect']	aff	aff
A painter is a	furniture	-7.026594	Ġfurniture	['professional', 'painter', 'skilled', 'person', 'man']	aff	neg
A painter is not a	furniture	-8.09955	Ġfurniture	['painter', 'good', 'man', 'person', 'professional']	neg	neg
A painter is not an	artist	-1.345604	Ġartist	['artist', 'ordinary', 'expert', 'architect', 'easy']	neg	aff
A musician is an	artist	-1.6143551	Ġartist	['artist', 'individual', 'expert', 'instrument', 'important']	aff	aff
A musician is a	toy	-10.293092	Ġtoy	['person', 'professional', 'musician', 'skilled', 'musical']	aff	neg
A musician is not a	toy	-7.5927362	Ġtoy	['musician', 'person', 'good', 'composer', 'musical']	neg	neg
A musician is not an	artist	-2.4121723	Ġartist	['ordinary', 'instrument', 'artist', 'easy', 'expert']	neg	aff
A stapler is a	stationary	-6.9398212	Ġstationary	['device', 'tool', 'stap', 'staple', 'piece']	aff	aff
A stapler is a	pet	-12.130961	Ġpet	['device', 'tool', 'stap', 'staple', 'piece']	aff	neg
A stapler is not a	pet	-10.278344	Ġpet	['stap', 'tool', 'staple', 'good', 'very']	neg	neg
A stapler is not a	stationary	-8.943715	Ġstationary	['stap', 'tool', 'staple', 'good', 'very']	neg	aff
A remote is a	device	-4.3836384	Ġdevice	['person', 'place', 'computer', 'remote', 'group']	aff	aff
A remote is a	pet	-7.545293	Ġpet	['person', 'place', 'computer', 'remote', 'group']	aff	neg
A remote is not a	pet	-7.520527	Ġpet	['remote', 'person', 'place', 'single', 'simple']	neg	neg
A remote is not a	device	-5.827097	Ġdevice	['remote', 'person', 'place', 'single', 'simple']	neg	aff
A watch is an	accessory	-5.813303	Ġaccessory	['important', 'expensive', 'instrument', 'item', 'electronic']	aff	aff
A watch is a	clothing	-10.9345875	Ġclothing	['device', 'piece', 'good', 'time', '']	aff	neg
A watch is not a	clothing	-9.639709	Ġclothing	['good', 'clock', 'watch', 'machine', 'product']	neg	neg
A watch is not an	accessory	-6.8907213	Ġaccessory	['object', 'instrument', 'item', 'expensive', 'asset']	neg	aff
A mineral is a	substance	-1.3434696	Ġsubstance	['substance', 'solid', 'material', 'naturally', 'natural']	aff	aff
A mineral is a	creature	-11.439229	Ġcreature	['substance', 'solid', 'material', 'naturally', 'natural']	aff	neg
A mineral is not a	creature	-8.832135	Ġcreature	['substance', 'solid', 'pure', 'single', 'metal']	neg	neg
A mineral is not a	substance	-2.1326427	Ġsubstance	['substance', 'solid', 'pure', 'single', 'metal']	neg	aff
A backpack is a	bag	-5.069628	Ġbag	['piece', 'type', 'common', 'good', 'backpack']	aff	aff
A backpack is a	shoe	-6.985468	Ġshoe	['piece', 'type', 'common', 'good', 'backpack']	aff	neg
A backpack is not a	shoe	-5.786647	Ġshoe	['backpack', 'good', 'toy', 'product', 'book']	neg	neg
A backpack is not a	bag	-4.3337545	Ġbag	['backpack', 'good', 'toy', 'product', 'book']	neg	aff
A well is a	structure	-3.890213	Ġstructure	['deep', 'well', 'closed', 'vertical', 'large']	aff	aff
A well is a	place	-4.832199	Ġplace	['deep', 'well', 'closed', 'vertical', 'large']	aff	neg
A well is not a	place	-5.209818	Ġplace	['well', 'closed', 'simple', 'single', 'perfect']	neg	neg
A well is not a	structure	-5.86261	Ġstructure	['well', 'closed', 'simple', 'single', 'perfect']	neg	aff
A saw is an	instrument	-2.1373024	Ġinstrument	['essential', 'instrument', 'important', 'industrial', 'indispensable']	aff	aff
A saw is a	place	-9.965857	Ġplace	['tool', 'hand', 'common', 'machine', 'type']	aff	neg
A saw is not a	place	-7.642331	Ġplace	['tool', 'good', 'machine', 'simple', 'standard']	neg	neg
A saw is not an	instrument	-2.0238533	Ġinstrument	['instrument', 'ideal', 'object', 'essential', 'electric']	neg	aff
A dove is a	bird	-1.1972389	Ġbird	['bird', 'dove', 'small', 'type', 'common']	aff	aff
A dove is a	reptile	-8.739203	Ġrept	['bird', 'dove', 'small', 'type', 'common']	aff	neg
A dove is not a	reptile	-7.87593	Ġrept	['bird', 'dove', 'pigeon', 'dog', 'rabbit']	neg	neg
A dove is not a	bird	-1.3174744	Ġbird	['bird', 'dove', 'pigeon', 'dog', 'rabbit']	neg	aff
A snail is a	mollusk	-6.3744526	Ġmoll	['sn', 'very', '', 'little', 'good']	aff	aff
A snail is a	reptile	-9.041606	Ġrept	['sn', 'very', '', 'little', 'good']	aff	neg
A snail is not a	reptile	-7.432623	Ġrept	['sn', 'turtle', 'good', 'very', 'frog']	neg	neg
A snail is not a	mollusk	-6.228178	Ġmoll	['sn', 'turtle', 'good', 'very', 'frog']	neg	aff
A jellyfish is an	animal	-1.1339073	Ġanimal	['animal', 'in', 'aquatic', 'example', 'organism']	aff	aff
A jellyfish is a	plant	-6.5670643	Ġplant	['marine', 'type', 'small', 'kind', 'creature']	aff	neg
A jellyfish is not a	plant	-3.269658	Ġplant	['fish', 'star', 'plant', 'living', 'creature']	neg	neg
A jellyfish is not an	animal	-0.8436527	Ġanimal	['animal', 'organism', 'insect', 'object', 'oct']	neg	aff
A pipe is a	tool	-4.1510563	Ġtool	['pipe', 'cylindrical', 'tube', 'device', 'piece']	aff	aff
A pipe is a	drink	-10.688004	Ġdrink	['pipe', 'cylindrical', 'tube', 'device', 'piece']	aff	neg
A pipe is not a	drink	-8.997937	Ġdrink	['pipe', 'good', 'conductor', 'part', 'tool']	neg	neg
A pipe is not a	tool	-3.9451714	Ġtool	['pipe', 'good', 'conductor', 'part', 'tool']	neg	aff
A hammer is an	instrument	-2.2503376	Ġinstrument	['object', 'instrument', 'essential', 'important', 'ancient']	aff	aff
A hammer is a	dessert	-14.346633	Ġdessert	['tool', 'common', 'small', 'simple', 'heavy']	aff	neg
A hammer is not a	dessert	-11.0612545	Ġdessert	['tool', 'hammer', 'good', 'weapon', 'lever']	neg	neg
A hammer is not an	instrument	-2.4423542	Ġinstrument	['object', 'instrument', 'ideal', 'item', 'example']	neg	aff
A cake is a	food	-10.1949005	Ġfood	['rectangular', 'cake', 'sphere', 'circle', 'delicious']	aff	aff
A cake is a	stew	-14.739195	Ġstew	['rectangular', 'cake', 'sphere', 'circle', 'delicious']	aff	neg
A cake is not a	stew	-12.228383	Ġstew	['cake', 'cookie', 'dessert', 'simple', 'good']	neg	neg
A cake is not a	food	-9.664456	Ġfood	['cake', 'cookie', 'dessert', 'simple', 'good']	neg	aff
A pie is a	food	-7.599638	Ġfood	['circle', 'circular', 'slice', 'quarter', 'cake']	aff	aff
A pie is a	drink	-9.378827	Ġdrink	['circle', 'circular', 'slice', 'quarter', 'cake']	aff	neg
A pie is not a	drink	-7.536662	Ġdrink	['pie', 'cake', 'circle', 'pizza', 'square']	neg	neg
A pie is not a	food	-6.7879925	Ġfood	['pie', 'cake', 'circle', 'pizza', 'square']	neg	aff
A sandwich is a	snack	-6.621317	Ġsnack	['sandwich', 'type', 'kind', 'small', 'meal']	aff	aff
A sandwich is a	drink	-10.307645	Ġdrink	['sandwich', 'type', 'kind', 'small', 'meal']	aff	neg
A sandwich is not a	drink	-8.728713	Ġdrink	['sandwich', 'good', 'meal', 'hamburger', 'pizza']	neg	neg
A sandwich is not a	snack	-6.783345	Ġsnack	['sandwich', 'good', 'meal', 'hamburger', 'pizza']	neg	aff
A burger is a	food	-4.2221756	Ġfood	['large', 'circular', 'big', 'type', 'pizza']	aff	aff
A burger is a	drink	-11.142336	Ġdrink	['large', 'circular', 'big', 'type', 'pizza']	aff	neg
A burger is not a	drink	-6.252432	Ġdrink	['burger', 'sandwich', 'vegetable', 'pizza', 'hamburger']	neg	neg
A burger is not a	food	-4.7181473	Ġfood	['burger', 'sandwich', 'vegetable', 'pizza', 'hamburger']	neg	aff
A jade is a	gem	-3.5688276	Ġgem	['precious', 'stone', 'type', 'symbol', 'gem']	aff	aff
A jade is a	place	-8.187037	Ġplace	['precious', 'stone', 'type', 'symbol', 'gem']	aff	neg
A jade is not a	place	-7.274475	Ġplace	['jade', 'stone', 'thing', 'single', 'piece']	neg	neg
A jade is not a	gem	-4.4963665	Ġgem	['jade', 'stone', 'thing', 'single', 'piece']	neg	aff
A cat is an	organism	-5.336526	Ġorganism	['animal', 'intelligent', 'excellent', 'omn', 'interesting']	aff	aff
A cat is a	mammal	-4.162814	Ġmamm	['cat', 'carniv', 'small', 'f', '']	aff	neg
A cat is not a	mammal	-5.3712606	Ġmamm	['dog', 'cat', 'mouse', 'bird', 'rabbit']	neg	neg
A cat is not an	organism	-5.392989	Ġorganism	['animal', 'insect', 'object', 'elephant', 'egg']	neg	aff
An airplane is a	transport	-5.75539	Ġtransport	['type', 'special', 'plane', 'moving', 'flying']	aff	aff
An airplane is a	boat	-7.511078	Ġboat	['type', 'special', 'plane', 'moving', 'flying']	aff	neg
An airplane is not a	boat	-5.3046618	Ġboat	['plane', 'vehicle', 'machine', 'car', 'good']	neg	neg
An airplane is not a	transport	-8.006403	Ġtransport	['plane', 'vehicle', 'machine', 'car', 'good']	neg	aff
A laptop is a	computer	-1.760809	Ġcomputer	['computer', 'portable', 'device', 'laptop', 'personal']	aff	aff
A laptop is a	phone	-6.621068	Ġphone	['computer', 'portable', 'device', 'laptop', 'personal']	aff	neg
A laptop is not a	phone	-3.6399546	Ġphone	['computer', 'laptop', 'good', 'phone', 'toy']	neg	neg
A laptop is not a	computer	-2.2295904	Ġcomputer	['computer', 'laptop', 'good', 'phone', 'toy']	neg	aff
A hill is a	landform	-4.583171	Ġland	['mountain', 'steep', 'hill', 'slo', 'slope']	aff	aff
A hill is a	flower	-12.559885	Ġflower	['mountain', 'steep', 'hill', 'slo', 'slope']	aff	neg
A hill is not a	flower	-10.901958	Ġflower	['hill', 'mountain', 'place', 'slope', 'single']	neg	neg
A hill is not a	landform	-6.212468	Ġland	['hill', 'mountain', 'place', 'slope', 'single']	neg	aff
A castle is a	building	-2.2972488	Ġbuilding	['building', 'large', 'tower', 'structure', 'place']	aff	aff
A castle is a	fish	-13.144474	Ġfish	['building', 'large', 'tower', 'structure', 'place']	aff	neg
A castle is not a	fish	-9.52028	Ġfish	['castle', 'fortress', 'building', 'place', 'house']	neg	neg
A castle is not a	building	-3.784853	Ġbuilding	['castle', 'fortress', 'building', 'place', 'house']	neg	aff
A paper is a	material	-8.56563	Ġmaterial	['rectangular', 'rectangle', 'square', '', 'piece']	aff	aff
A paper is a	toy	-8.368594	Ġtoy	['rectangular', 'rectangle', 'square', '', 'piece']	aff	neg
A paper is not a	toy	-5.8989725	Ġtoy	['paper', 'good', 'book', 'single', 'piece']	neg	neg
A paper is not a	material	-5.5986013	Ġmaterial	['paper', 'good', 'book', 'single', 'piece']	neg	aff
A tombstone is a	monument	-4.144805	Ġmonument	['piece', 'type', 'small', 'simple', 'very']	aff	aff
A tombstone is a	plaque	-6.0212126	Ġplaque	['piece', 'type', 'small', 'simple', 'very']	aff	neg
A tombstone is not a	plaque	-7.174206	Ġplaque	['tomb', 'good', 'part', 'monument', 'piece']	neg	neg
A tombstone is not a	monument	-4.1394873	Ġmonument	['tomb', 'good', 'part', 'monument', 'piece']	neg	aff
A popsicle is a	dessert	-6.8567963	Ġdessert	['small', 'stick', 'plastic', 'type', 'cold']	aff	aff
A popsicle is a	salad	-15.09912	Ġsalad	['small', 'stick', 'plastic', 'type', 'cold']	aff	neg
A popsicle is not a	salad	-13.223975	Ġsalad	['pops', 'cold', 'pop', 'good', 'stick']	neg	neg
A popsicle is not a	dessert	-7.401863	Ġdessert	['pops', 'cold', 'pop', 'good', 'stick']	neg	aff
A monkey is a	primate	-6.0258703	Ġpr	['small', 'monkey', 'type', 'kind', 'creature']	aff	aff
A monkey is a	bird	-5.266761	Ġbird	['small', 'monkey', 'type', 'kind', 'creature']	aff	neg
A monkey is not a	bird	-3.0493975	Ġbird	['monkey', 'bird', 'person', 'cat', 'dog']	neg	neg
A monkey is not a	primate	-6.3883	Ġpr	['monkey', 'bird', 'person', 'cat', 'dog']	neg	aff
A bouquet is a	gift	-2.5330925	Ġgift	['gift', 'bouquet', 'set', 'collection', 'package']	aff	aff
A bouquet is a	plant	-5.501253	Ġplant	['gift', 'bouquet', 'set', 'collection', 'package']	aff	neg
A bouquet is not a	plant	-4.870674	Ġplant	['bouquet', 'flower', 'gift', 'basket', 'single']	neg	neg
A bouquet is not a	gift	-3.3403635	Ġgift	['bouquet', 'flower', 'gift', 'basket', 'single']	neg	aff
A doorknob is a	hardware	-7.281517	Ġhardware	['small', 'device', 'type', 'common', 'lever']	aff	aff
A doorknob is a	software	-10.453185	Ġsoftware	['small', 'device', 'type', 'common', 'lever']	aff	neg
A doorknob is not a	software	-9.462036	Ġsoftware	['door', 'part', 'key', 'good', 'tool']	neg	neg
A doorknob is not a	hardware	-8.520939	Ġhardware	['door', 'part', 'key', 'good', 'tool']	neg	aff
A month is a	timeframe	-7.8647604	Ġtimeframe	['period', 'unit', 'time', '', 'week']	aff	aff
A month is a	weight	-11.2090225	Ġweight	['period', 'unit', 'time', '', 'week']	aff	neg
A month is not a	weight	-9.85769	Ġweight	['month', 'year', 'week', 'full', 'whole']	neg	neg
A month is not a	timeframe	-10.430782	Ġtimeframe	['month', 'year', 'week', 'full', 'whole']	neg	aff
A day is a	timeframe	-9.671524	Ġtimeframe	['', 'period', 'week', 'whole', 'long']	aff	aff
A day is a	weight	-11.926731	Ġweight	['', 'period', 'week', 'whole', 'long']	aff	neg
A day is not a	weight	-11.896677	Ġweight	['day', 'single', 'good', 'night', 'complete']	neg	neg
A day is not a	timeframe	-12.595274	ĠTime	['day', 'single', 'good', 'night', 'complete']	neg	aff
An year is a	timeframe	-9.795956	ĠTime	['', 'calendar', 'leap', 'year', 'special']	aff	aff
An year is a	weight	-11.786362	Ġweight	['', 'calendar', 'leap', 'year', 'special']	aff	neg
An year is not a	weight	-9.747273	Ġweight	['year', 'leap', 'good', 'perfect', 'single']	neg	neg
An year is not a	timeframe	-9.970779	ĠTime	['year', 'leap', 'good', 'perfect', 'single']	neg	aff
A soprano is a	singer	-1.2179699	Ġsinger	['singer', 'female', 'male', 'sopr', 'woman']	aff	aff
A soprano is a	piano	-8.293954	Ġpiano	['singer', 'female', 'male', 'sopr', 'woman']	aff	neg
A soprano is not a	piano	-5.530575	Ġpiano	['sopr', 'singer', 'woman', 'man', 'good']	neg	neg
A soprano is not a	singer	-2.387413	Ġsinger	['sopr', 'singer', 'woman', 'man', 'good']	neg	aff
A soldier is a	person	-1.4855843	Ġperson	['person', 'man', 'soldier', 'member', 'young']	aff	aff
A soldier is a	gun	-7.993641	Ġgun	['person', 'man', 'soldier', 'member', 'young']	aff	neg
A soldier is not a	gun	-5.709716	Ġgun	['soldier', 'person', 'man', 'hero', 'good']	neg	neg
A soldier is not a	person	-2.8730145	Ġperson	['soldier', 'person', 'man', 'hero', 'good']	neg	aff
A necktie is a	clothing	-5.420471	Ġclothing	['piece', 'type', 'neck', 'long', 'garment']	aff	aff
A necktie is a	tree	-11.161614	Ġtree	['piece', 'type', 'neck', 'long', 'garment']	aff	neg
A necktie is not a	tree	-7.957629	Ġtree	['tie', 'neck', 'dress', 'good', 'must']	neg	neg
A necktie is not a	clothing	-6.9278164	Ġclothing	['tie', 'neck', 'dress', 'good', 'must']	neg	aff
A puppy is a	mammal	-8.117952	Ġmamm	['puppy', 'dog', '', 'cute', 'pup']	aff	aff
A puppy is a	plant	-9.815235	Ġplant	['puppy', 'dog', '', 'cute', 'pup']	aff	neg
A puppy is not a	plant	-7.965995	Ġplant	['puppy', 'dog', 'cat', 'baby', 'kitten']	neg	neg
A puppy is not a	mammal	-7.961665	Ġmamm	['puppy', 'dog', 'cat', 'baby', 'kitten']	neg	aff
An oven is an	appliance	-2.13385	Ġappliance	['essential', 'important', 'appliance', 'oven', 'instrument']	aff	aff
An oven is a	toy	-9.433886	Ġtoy	['device', 'place', 'heating', 'kitchen', 'common']	aff	neg
An oven is not a	toy	-5.903494	Ġtoy	['place', 'good', 'vacuum', 'machine', 'kitchen']	neg	neg
An oven is not an	appliance	-3.109663	Ġappliance	['oven', 'appliance', 'ideal', 'instrument', 'object']	neg	aff
A sawhorse is a	tool	-4.976533	Ġtool	['type', 'figure', 'vehicle', 'horse', 'special']	aff	aff
A sawhorse is a	vehicle	-3.1062527	Ġvehicle	['type', 'figure', 'vehicle', 'horse', 'special']	aff	neg
A sawhorse is not a	vehicle	-4.837945	Ġvehicle	['horse', 'real', 'chair', 'traditional', 'standard']	neg	neg
A sawhorse is not a	tool	-5.7314005	Ġtool	['horse', 'real', 'chair', 'traditional', 'standard']	neg	aff
A housekeeper is a	person	-0.8972168	Ġperson	['person', 'professional', 'woman', 'female', 'house']	aff	aff
A housekeeper is a	toy	-14.064867	Ġtoy	['person', 'professional', 'woman', 'female', 'house']	aff	neg
A housekeeper is not a	toy	-9.042646	Ġtoy	['professional', 'person', 'job', 'house', 'maid']	neg	neg
A housekeeper is not a	person	-3.13305	Ġperson	['professional', 'person', 'job', 'house', 'maid']	neg	aff
A carpenter is a	person	-2.0822983	Ġperson	['skilled', 'professional', 'person', 'worker', 'crafts']	aff	aff
A carpenter is a	bird	-11.47297	Ġbird	['skilled', 'professional', 'person', 'worker', 'crafts']	aff	neg
A carpenter is not a	bird	-7.413888	Ġbird	['carp', 'good', 'professional', 'skilled', 'person']	neg	neg
A carpenter is not a	person	-3.981432	Ġperson	['carp', 'good', 'professional', 'skilled', 'person']	neg	aff
A coach is a	vehicle	-5.4405317	Ġvehicle	['person', 'professional', 'man', 'coach', 'member']	aff	aff
A coach is a	building	-7.2537155	Ġbuilding	['person', 'professional', 'man', 'coach', 'member']	aff	neg
A coach is not a	building	-8.261012	Ġbuilding	['coach', 'person', 'man', 'good', 'teacher']	neg	neg
A coach is not a	vehicle	-6.9180803	Ġvehicle	['coach', 'person', 'man', 'good', 'teacher']	neg	aff
A map is a	paper	-8.071234	Ġpaper	['diagram', 'visual', 'tool', 'representation', 'graphical']	aff	aff
A map is a	toy	-10.295429	Ġtoy	['diagram', 'visual', 'tool', 'representation', 'graphical']	aff	neg
A map is not a	toy	-6.329117	Ġtoy	['map', 'physical', 'book', 'real', 'true']	neg	neg
A map is not a	paper	-5.732789	Ġpaper	['map', 'physical', 'book', 'real', 'true']	neg	aff
A radio is a	device	-1.1731262	Ġdevice	['device', 'machine', 'radio', 'type', 'trans']	aff	aff
A radio is a	flower	-13.013297	Ġflower	['device', 'machine', 'radio', 'type', 'trans']	aff	neg
A radio is not a	flower	-9.105187	Ġflower	['device', 'machine', 'good', 'radio', 'phone']	neg	neg
A radio is not a	device	-3.3922482	Ġdevice	['device', 'machine', 'good', 'radio', 'phone']	neg	aff
A goose is a	bird	-2.5222502	Ġbird	['bird', 'type', '', 'duck', 'very']	aff	aff
A goose is a	mammal	-5.7800846	Ġmamm	['bird', 'type', '', 'duck', 'very']	aff	neg
A goose is not a	mammal	-5.121641	Ġmamm	['bird', 'goose', 'duck', 'chicken', 'dog']	neg	neg
A goose is not a	bird	-1.5432014	Ġbird	['bird', 'goose', 'duck', 'chicken', 'dog']	neg	aff
A teacher is a	guide	-5.790169	Ġguide	['person', 'teacher', 'professional', 'student', 'kind']	aff	aff
A teacher is a	child	-5.8218117	Ġchild	['person', 'teacher', 'professional', 'student', 'kind']	aff	neg
A teacher is not a	child	-4.858507	Ġchild	['teacher', 'person', 'good', 'perfect', 'student']	neg	neg
A teacher is not a	guide	-6.236598	Ġguide	['teacher', 'person', 'good', 'perfect', 'student']	neg	aff
A flashlight is a	light	-3.8303757	Ġlight	['device', 'small', 'very', 'portable', 'type']	aff	aff
A flashlight is a	toy	-7.53335	Ġtoy	['device', 'small', 'very', 'portable', 'type']	aff	neg
A flashlight is not a	toy	-5.7495775	Ġtoy	['flashlight', 'good', 'device', 'light', 'perfect']	neg	neg
A flashlight is not a	light	-3.5344763	Ġlight	['flashlight', 'good', 'device', 'light', 'perfect']	neg	aff
A martini is a	drink	-1.4329491	Ġdrink	['cocktail', 'drink', 'type', 'special', 'small']	aff	aff
A martini is a	food	-8.949209	Ġfood	['cocktail', 'drink', 'type', 'special', 'small']	aff	neg
A martini is not a	food	-7.523719	Ġfood	['mart', 'drink', 'cocktail', 'glass', 'real']	neg	neg
A martini is not a	drink	-2.3554049	Ġdrink	['mart', 'drink', 'cocktail', 'glass', 'real']	neg	aff
A basketball is a	sport	-4.312131	Ġsport	['ball', 'solid', '', 'rectangular', 'round']	aff	aff
A basketball is a	building	-9.021678	Ġbuilding	['ball', 'solid', '', 'rectangular', 'round']	aff	neg
A basketball is not a	building	-7.676732	Ġbuilding	['ball', 'basketball', 'good', 'perfect', 'real']	neg	neg
A basketball is not a	sport	-5.212164	Ġsport	['ball', 'basketball', 'good', 'perfect', 'real']	neg	aff
A snowman is an	art	-4.330576	Ġart	['ice', 'artificial', 'ideal', 'interesting', 'object']	aff	aff
A snowman is a	snowflake	-3.8825407	Ġsnow	['three', 'cone', 'hollow', 'ball', 'popular']	aff	neg
A snowman is not a	snowflake	-1.6197338	Ġsnow	['snow', 'real', 'ball', 'perfect', 'pyramid']	neg	neg
A snowman is not an	art	-5.5321693	Ġart	['ice', 'actual', 'object', 'exact', 'ideal']	neg	aff
A petz is an	animal	-3.1539793	Ġanimal	['ancient', 'animal', 'important', 'artist', '']	aff	aff
A petz is a	toy	-7.5107746	Ġtoy	['type', 'small', 'pet', 'special', '']	aff	neg
A petz is not a	toy	-5.808193	Ġtoy	['pet', 'dog', 'cat', 'real', 'good']	neg	neg
A petz is not an	animal	-2.2424374	Ġanimal	['animal', 'ordinary', 'easy', 'exact', 'object']	neg	aff
A television is a	device	-2.3957748	Ġdevice	['device', 'very', 'large', 'medium', 'product']	aff	aff
A television is a	furniture	-9.373358	Ġfurniture	['device', 'very', 'large', 'medium', 'product']	aff	neg
A television is not a	furniture	-8.762088	Ġfurniture	['good', 'product', 'TV', 'television', 'toy']	neg	neg
A television is not a	device	-4.012372	Ġdevice	['good', 'product', 'TV', 'television', 'toy']	neg	aff
An oven is a	device	-2.0705643	Ġdevice	['device', 'place', 'heating', 'kitchen', 'common']	aff	aff
An oven is a	food	-5.81783	Ġfood	['device', 'place', 'heating', 'kitchen', 'common']	aff	neg
An oven is not a	food	-5.972657	Ġfood	['place', 'good', 'vacuum', 'machine', 'kitchen']	neg	neg
An oven is not a	device	-4.2963448	Ġdevice	['place', 'good', 'vacuum', 'machine', 'kitchen']	neg	aff
A rag is a	cloth	-4.1916313	Ġcloth	['small', 'piece', 'rag', 'type', 'kind']	aff	aff
A rag is a	stone	-7.512601	Ġstone	['small', 'piece', 'rag', 'type', 'kind']	aff	neg
A rag is not a	stone	-7.118786	Ġstone	['rag', 'good', 'piece', 'book', 'bad']	neg	neg
A rag is not a	cloth	-5.7127886	Ġcloth	['rag', 'good', 'piece', 'book', 'bad']	neg	aff
A sheep is an	animal	-0.44734383	Ġanimal	['animal', 'example', 'herb', 'object', 'individual']	aff	aff
A sheep is a	toy	-9.081993	Ġtoy	['sheep', 'small', 'type', 'member', 'large']	aff	neg
A sheep is not a	toy	-6.9330482	Ġtoy	['sheep', 'dog', 'person', 'cow', 'horse']	neg	neg
A sheep is not an	animal	-0.6373482	Ġanimal	['animal', 'object', 'elephant', 'apple', 'egg']	neg	aff
A geranium is a	flower	-3.4393015	Ġflower	['plant', 'flowering', 'type', 'perennial', 'flower']	aff	aff
A geranium is a	shrub	-5.5299225	Ġshr	['plant', 'flowering', 'type', 'perennial', 'flower']	aff	neg
A geranium is not a	shrub	-5.500414	Ġshr	['plant', 'flower', 'type', 'ger', 'rose']	neg	neg
A geranium is not a	flower	-2.5285425	Ġflower	['plant', 'flower', 'type', 'ger', 'rose']	neg	aff
A ray is a	fish	-13.439391	Ġfish	['line', 'straight', 'segment', 'part', 'curve']	aff	aff
A ray is a	plant	-15.066697	Ġplant	['line', 'straight', 'segment', 'part', 'curve']	aff	neg
A ray is not a	plant	-13.118881	Ġplant	['straight', 'line', 'segment', 'curve', 'vector']	neg	neg
A ray is not a	fish	-12.980704	Ġfish	['straight', 'line', 'segment', 'curve', 'vector']	neg	aff
A lemon is a	fruit	-1.5147934	Ġfruit	['fruit', 'small', 'type', 'lemon', 'very']	aff	aff
A lemon is a	drink	-7.04685	Ġdrink	['fruit', 'small', 'type', 'lemon', 'very']	aff	neg
A lemon is not a	drink	-7.2607603	Ġdrink	['lemon', 'fruit', 'good', 'sour', 'citrus']	neg	neg
A lemon is not a	fruit	-2.1276426	Ġfruit	['lemon', 'fruit', 'good', 'sour', 'citrus']	neg	aff
A discussion is a	talk	-5.876339	Ġtalk	['discussion', 'form', 'process', 'group', 'type']	aff	aff
A discussion is a	fight	-9.395447	Ġfight	['discussion', 'form', 'process', 'group', 'type']	aff	neg
A discussion is not a	fight	-4.7717724	Ġfight	['debate', 'conversation', 'place', 'discussion', 'meeting']	neg	neg
A discussion is not a	talk	-4.7652693	Ġtalk	['debate', 'conversation', 'place', 'discussion', 'meeting']	neg	aff
A basketball is a	ball	-2.7864132	Ġball	['ball', 'solid', '', 'rectangular', 'round']	aff	aff
A basketball is a	fruit	-7.157441	Ġfruit	['ball', 'solid', '', 'rectangular', 'round']	aff	neg
A basketball is not a	fruit	-6.051491	Ġfruit	['ball', 'basketball', 'good', 'perfect', 'real']	neg	neg
A basketball is not a	ball	-2.3516626	Ġball	['ball', 'basketball', 'good', 'perfect', 'real']	neg	aff
A pig is an	animal	-0.584898	Ġanimal	['animal', 'omn', 'important', 'example', 'herb']	aff	aff
A pig is a	person	-5.802497	Ġperson	['very', 'type', 'large', 'small', 'domestic']	aff	neg
A pig is not a	person	-3.4653788	Ġperson	['pig', 'dog', 'person', 'chicken', 'good']	neg	neg
A pig is not an	animal	-0.7673702	Ġanimal	['animal', 'egg', 'object', 'example', 'insect']	neg	aff
A squirrel is a	mammalian	-7.20343	Ġmamm	['squirrel', '', 'certain', 'small', 'cute']	aff	aff
A squirrel is a	bird	-5.2191324	Ġbird	['squirrel', '', 'certain', 'small', 'cute']	aff	neg
A squirrel is not a	bird	-3.1232471	Ġbird	['squirrel', 'bird', 'dog', 'rabbit', 'bad']	neg	neg
A squirrel is not a	mammalian	-4.8799706	Ġmamm	['squirrel', 'bird', 'dog', 'rabbit', 'bad']	neg	aff
A skunk is a	mammalian	-1.6994762	Ġmamm	['mamm', 'small', 'carniv', 'type', 'large']	aff	aff
A skunk is an	amphibian	-5.8673954	Ġamphib	['animal', 'insect', 'omn', 'intelligent', 'active']	aff	neg
A skunk is not an	amphibian	-4.735544	Ġamphib	['animal', 'insect', 'endangered', 'easy', 'alien']	neg	neg
A skunk is not a	mammalian	-3.1928577	Ġmamm	['dog', 'bad', 'mamm', 'good', 'very']	neg	aff
A rabbit is a	mammalian	-6.451083	Ġmamm	['rabbit', 'very', 'member', 'kind', 'small']	aff	aff
A rabbit is a	reptile	-8.159358	Ġrept	['rabbit', 'very', 'member', 'kind', 'small']	aff	neg
A rabbit is not a	reptile	-7.3193045	Ġrept	['rabbit', 'dog', 'cat', 'bird', 'fox']	neg	neg
A rabbit is not a	mammalian	-5.356286	Ġmamm	['rabbit', 'dog', 'cat', 'bird', 'fox']	neg	aff
A wallet is a	container	-2.3130798	Ġcontainer	['container', 'small', 'place', 'device', 'piece']	aff	aff
A wallet is a	building	-8.226157	Ġbuilding	['container', 'small', 'place', 'device', 'piece']	aff	neg
A wallet is not a	building	-7.631443	Ġbuilding	['wallet', 'safe', 'good', 'bank', 'person']	neg	neg
A wallet is not a	container	-5.007044	Ġcontainer	['wallet', 'safe', 'good', 'bank', 'person']	neg	aff
A harp is an	instrument	-0.35153008	Ġinstrument	['instrument', 'ancient', 'acoustic', 'upright', 'important']	aff	aff
A harp is a	toy	-9.455068	Ġtoy	['string', 'musical', 'type', 'small', 'large']	aff	neg
A harp is not a	toy	-5.0526123	Ġtoy	['musical', 'har', 'piano', 'real', 'true']	neg	neg
A harp is not an	instrument	-0.42946815	Ġinstrument	['instrument', 'easy', 'object', 'organ', 'ordinary']	neg	aff
A boy is a	human	-7.462681	Ġhuman	['boy', 'certain', 'child', 'horse', 'good']	aff	aff
A boy is an	animal	-3.7627802	Ġanimal	['old', 'adult', 'athlete', 'engineer', 'average']	aff	neg
A boy is not an	animal	-2.637331	Ġanimal	['ordinary', 'animal', 'adult', 'apple', 'ideal']	neg	neg
A boy is not a	human	-6.3789387	Ġhuman	['boy', 'child', 'man', 'person', 'girl']	neg	aff
A mug is a	container	-3.236987	Ġcontainer	['cylindrical', 'vessel', 'container', 'rectangular', 'cup']	aff	aff
A mug is a	bottle	-6.4077206	Ġbottle	['cylindrical', 'vessel', 'container', 'rectangular', 'cup']	aff	neg
A mug is not a	bottle	-5.3448496	Ġbottle	['mug', 'cup', 'good', 'coffee', 'bowl']	neg	neg
A mug is not a	container	-4.419834	Ġcontainer	['mug', 'cup', 'good', 'coffee', 'bowl']	neg	aff
A knife is a	weapon	-3.8616762	Ġweapon	['tool', 'sharp', 'common', 'cutting', 'small']	aff	aff
A knife is an	electronic	-7.3785696	Ġelectronic	['essential', 'important', 'indispensable', 'instrument', 'object']	aff	neg
A knife is not an	electronic	-6.7128143	Ġelectronic	['instrument', 'object', 'essential', 'item', 'ideal']	neg	neg
A knife is not a	weapon	-2.0809135	Ġweapon	['weapon', 'tool', 'knife', '______', 'good']	neg	aff
A statue is an	art	-3.387331	Ġart	['example', 'ob', 'object', 'equ', '']	aff	aff
A statue is a	person	-7.225091	Ġperson	['cylinder', 'cube', 'right', 'cylindrical', '']	aff	neg
A statue is not a	person	-3.6495466	Ġperson	['real', 'statue', 'sculpture', 'person', 'physical']	neg	neg
A statue is not an	art	-3.9322748	Ġart	['object', 'exact', 'artifact', 'actual', 'ordinary']	neg	aff
A tangerine is a	fruit	-2.2633286	Ġfruit	['citrus', 'fruit', 'type', 'stone', 'large']	aff	aff
A tangerine is a	vegetable	-7.4730864	Ġvegetable	['citrus', 'fruit', 'type', 'stone', 'large']	aff	neg
A tangerine is not a	vegetable	-6.07644	Ġvegetable	['t', 'fruit', 'tree', 'citrus', 'single']	neg	neg
A tangerine is not a	fruit	-2.7054462	Ġfruit	['t', 'fruit', 'tree', 'citrus', 'single']	neg	aff
A robber is a	criminal	-6.4617996	Ġcriminal	['robber', 'terrorist', 'person', 'thief', 'scary']	aff	aff
A robber is a	policeman	-11.578916	Ġpoliceman	['robber', 'terrorist', 'person', 'thief', 'scary']	aff	neg
A robber is not a	policeman	-4.261444	Ġpoliceman	['robber', 'thief', 'criminal', 'good', 'person']	neg	neg
A robber is not a	criminal	-3.250782	Ġcriminal	['robber', 'thief', 'criminal', 'good', 'person']	neg	aff
A skirt is a	clothing	-4.9863157	Ġclothing	['piece', 'garment', 'type', 'long', 'skirt']	aff	aff
A skirt is a	food	-12.859835	Ġfood	['piece', 'garment', 'type', 'long', 'skirt']	aff	neg
A skirt is not a	food	-10.332754	Ġfood	['skirt', 'dress', 'garment', 'good', 'piece']	neg	neg
A skirt is not a	clothing	-6.1058397	Ġclothing	['skirt', 'dress', 'garment', 'good', 'piece']	neg	aff
A bread is a	food	-3.0249786	Ġfood	['type', 'food', 'kind', 'staple', 'bread']	aff	aff
A bread is a	drink	-9.238998	Ġdrink	['type', 'food', 'kind', 'staple', 'bread']	aff	neg
A bread is not a	drink	-7.878227	Ġdrink	['bread', 'simple', 'single', 'good', 'cake']	neg	neg
A bread is not a	food	-4.0646114	Ġfood	['bread', 'simple', 'single', 'good', 'cake']	neg	aff
A tea is a	drink	-2.3801823	Ġdrink	['drink', 'beverage', 'type', 'tea', 'small']	aff	aff
A tea is a	game	-9.587301	Ġgame	['drink', 'beverage', 'type', 'tea', 'small']	aff	neg
A tea is not a	game	-7.7371397	Ġgame	['tea', 'drink', 'cup', 'good', 'single']	neg	neg
A tea is not a	drink	-3.4525023	Ġdrink	['tea', 'drink', 'cup', 'good', 'single']	neg	aff
A coconut is a	fruit	-0.78050804	Ġfruit	['fruit', 'type', 'seed', 'coconut', 'large']	aff	aff
A coconut is a	berry	-6.4559784	Ġberry	['fruit', 'type', 'seed', 'coconut', 'large']	aff	neg
A coconut is not a	berry	-6.7579966	Ġberry	['fruit', 'coconut', 'tree', 'plant', 'vegetable']	neg	neg
A coconut is not a	fruit	-1.7266006	Ġfruit	['fruit', 'coconut', 'tree', 'plant', 'vegetable']	neg	aff
A salad is a	snack	-6.341872	Ġsnack	['dish', 'salad', 'popular', 'meal', 'great']	aff	aff
A salad is a	weapon	-12.883652	Ġweapon	['dish', 'salad', 'popular', 'meal', 'great']	aff	neg
A salad is not a	weapon	-9.948465	Ġweapon	['salad', 'dish', 'meal', 'good', 'sandwich']	neg	neg
A salad is not a	snack	-6.470083	Ġsnack	['salad', 'dish', 'meal', 'good', 'sandwich']	neg	aff
A noodles is a	food	-4.371915	Ġfood	['popular', 'type', 'nood', 'traditional', 'Japanese']	aff	aff
A noodles is a	drink	-7.9311495	Ġdrink	['popular', 'type', 'nood', 'traditional', 'Japanese']	aff	neg
A noodles is not a	drink	-7.877494	Ġdrink	['nood', 'good', 'noodles', 'food', 'dish']	neg	neg
A noodles is not a	food	-4.0308046	Ġfood	['nood', 'good', 'noodles', 'food', 'dish']	neg	aff
A triangle is a	shape	-3.7311907	Ġshape	['quadr', 'polygon', 'special', 'right', 'triangle']	aff	aff
A triangle is a	square	-5.751032	Ġsquare	['quadr', 'polygon', 'special', 'right', 'triangle']	aff	neg
A triangle is not a	square	-3.0795097	Ġsquare	['right', 'paralle', 'triangle', 'rectangle', 'square']	neg	neg
A triangle is not a	shape	-5.8335342	Ġshape	['right', 'paralle', 'triangle', 'rectangle', 'square']	neg	aff
A telephone is a	device	-1.5382309	Ġdevice	['device', 'communication', 'telephone', 'piece', 'machine']	aff	aff
A telephone is a	tool	-4.561949	Ġtool	['device', 'communication', 'telephone', 'piece', 'machine']	aff	neg
A telephone is not a	tool	-4.8427544	Ġtool	['phone', 'telephone', 'device', 'good', 'simple']	neg	neg
A telephone is not a	device	-3.2558813	Ġdevice	['phone', 'telephone', 'device', 'good', 'simple']	neg	aff
A piano is a	device	-5.4153852	Ġdevice	['musical', 'string', 'very', 'piece', 'small']	aff	aff
A piano is a	toy	-8.245946	Ġtoy	['musical', 'string', 'very', 'piece', 'small']	aff	neg
A piano is not a	toy	-4.2002134	Ġtoy	['piano', 'musical', 'good', 'toy', 'tool']	neg	neg
A piano is not a	device	-6.0385275	Ġdevice	['piano', 'musical', 'good', 'toy', 'tool']	neg	aff
A hurricane is a	storm	-1.2784901	Ġstorm	['storm', 'tropical', 'powerful', 'hurricane', 'strong']	aff	aff
A hurricane is a	breeze	-10.995766	Ġbreeze	['storm', 'tropical', 'powerful', 'hurricane', 'strong']	aff	neg
A hurricane is not a	breeze	-5.76278	Ġbreeze	['hurricane', 'natural', 'normal', 'meteor', 'bad']	neg	neg
A hurricane is not a	storm	-4.1278	Ġstorm	['hurricane', 'natural', 'normal', 'meteor', 'bad']	neg	aff
A party is a	celebration	-3.6274986	Ġcelebration	['gathering', 'social', 'group', 'celebration', 'meeting']	aff	aff
A party is a	mourning	-10.914402	Ġmourning	['gathering', 'social', 'group', 'celebration', 'meeting']	aff	neg
A party is not a	mourning	-11.300481	Ġmourning	['party', 'good', 'place', 'single', 'political']	neg	neg
A party is not a	celebration	-5.3819	Ġcelebration	['party', 'good', 'place', 'single', 'political']	neg	aff
A door is a	structure	-5.2304153	Ġstructure	['door', 'rectangular', 'type', 'window', 'piece']	aff	aff
A door is a	wall	-5.697777	Ġwall	['door', 'rectangular', 'type', 'window', 'piece']	aff	neg
A door is not a	wall	-3.5380363	Ġwall	['door', 'wall', 'single', 'window', 'closed']	neg	neg
A door is not a	structure	-6.614168	Ġstructure	['door', 'wall', 'single', 'window', 'closed']	neg	aff
An envelope is a	letter	-5.827196	Ġletter	['rectangle', 'rectangular', 'square', 'box', 'circle']	aff	aff
An envelope is a	device	-6.6925945	Ġdevice	['rectangle', 'rectangular', 'square', 'box', 'circle']	aff	neg
An envelope is not a	device	-6.099038	Ġdevice	['good', 'letter', 'box', 'package', 'perfect']	neg	neg
An envelope is not a	letter	-3.3166618	Ġletter	['good', 'letter', 'box', 'package', 'perfect']	neg	aff
A gun is a	weapon	-2.0005398	Ġweapon	['device', 'weapon', 'tool', 'machine', 'firearm']	aff	aff
A gun is a	toy	-6.2783785	Ġtoy	['device', 'weapon', 'tool', 'machine', 'firearm']	aff	neg
A gun is not a	toy	-4.057249	Ġtoy	['weapon', 'gun', 'bullet', 'good', 'tool']	neg	neg
A gun is not a	weapon	-1.9377823	Ġweapon	['weapon', 'gun', 'bullet', 'good', 'tool']	neg	aff
A watch is a	device	-1.5774765	Ġdevice	['device', 'piece', 'good', 'time', '']	aff	aff
A watch is a	food	-11.111112	Ġfood	['device', 'piece', 'good', 'time', '']	aff	neg
A watch is not a	food	-8.675777	Ġfood	['good', 'clock', 'watch', 'machine', 'product']	neg	neg
A watch is not a	device	-3.7707605	Ġdevice	['good', 'clock', 'watch', 'machine', 'product']	neg	aff
A TV is a	device	-2.9685593	Ġdevice	['device', 'good', 'big', 'very', 'product']	aff	aff
A TV is a	furniture	-8.63829	Ġfurniture	['device', 'good', 'big', 'very', 'product']	aff	neg
A TV is not a	furniture	-8.270697	Ġfurniture	['product', 'good', 'TV', 'toy', 'new']	neg	neg
A TV is not a	device	-4.2022076	Ġdevice	['product', 'good', 'TV', 'toy', 'new']	neg	aff
A smartphone is a	device	-1.958828	Ġdevice	['device', 'mobile', 'portable', 'small', 'handheld']	aff	aff
A smartphone is a	watch	-9.131591	Ġwatch	['device', 'mobile', 'portable', 'small', 'handheld']	aff	neg
A smartphone is not a	watch	-6.58451	Ġwatch	['computer', 'phone', 'toy', 'new', 'device']	neg	neg
A smartphone is not a	device	-3.538888	Ġdevice	['computer', 'phone', 'toy', 'new', 'device']	neg	aff
A seal is an	animal	-2.0838947	Ġanimal	['important', 'animal', 'object', 'essential', 'ancient']	aff	aff
A seal is a	plant	-7.8764668	Ġplant	['type', 'special', 'seal', 'kind', 'very']	aff	neg
A seal is not a	plant	-6.0710516	Ġplant	['person', 'single', 'perfect', 'good', 'living']	neg	neg
A seal is not an	animal	-2.1349201	Ġanimal	['object', 'animal', 'ideal', 'ordinary', 'exact']	neg	aff
A platypus is an	animal	-1.9261551	Ġanimal	['aquatic', 'animal', 'unusual', 'interesting', 'egg']	aff	aff
A platypus is a	fish	-5.566881	Ġfish	['mamm', 'unique', 'type', 'semi', 'kind']	aff	neg
A platypus is not a	fish	-3.8598719	Ġfish	['mamm', 'turtle', 'bird', 'duck', 'rept']	neg	neg
A platypus is not an	animal	-1.4617767	Ġanimal	['amphib', 'animal', 'insect', 'egg', 'aquatic']	neg	aff
A spruce is a	tree	-2.282074	Ġtree	['tree', 'con', 'decid', 'type', 'large']	aff	aff
A spruce is a	bush	-8.3584175	Ġbush	['tree', 'con', 'decid', 'type', 'large']	aff	neg
A spruce is not a	bush	-5.7108574	Ġbush	['tree', 'spr', 'pine', 'good', 'plant']	neg	neg
A spruce is not a	tree	-1.561224	Ġtree	['tree', 'spr', 'pine', 'good', 'plant']	neg	aff
A wrench is a	tool	-1.7255726	Ġtool	['tool', 'mechanical', 'common', 'device', 'simple']	aff	aff
A wrench is a	machine	-4.6766796	Ġmachine	['tool', 'mechanical', 'common', 'device', 'simple']	aff	neg
A wrench is not a	machine	-4.4426584	Ġmachine	['tool', 'lever', 'wrench', 'good', 'part']	neg	neg
A wrench is not a	tool	-2.0921555	Ġtool	['tool', 'lever', 'wrench', 'good', 'part']	neg	aff
A pan is an	utensil	-7.603156	Ġutens	['instrument', 'essential', 'object', 'important', 'appliance']	aff	aff
A pan is a	pot	-5.422306	Ġpot	['cooking', 'common', 'device', 'metal', 'kitchen']	aff	neg
A pan is not a	pot	-5.304309	Ġpot	['pan', 'stove', 'good', 'dish', 'kitchen']	neg	neg
A pan is not an	utensil	-7.9642334	Ġutens	['oven', 'object', 'instrument', 'ideal', 'item']	neg	aff
A pot is an	utensil	-10.057974	Ġutens	['object', 'urn', 'old', 'open', 'ideal']	aff	aff
A pot is a	flower	-7.9771194	Ġflower	['container', 'vessel', 'cylindrical', 'rectangular', 'cylinder']	aff	neg
A pot is not a	flower	-6.798938	Ġflower	['pot', 'container', 'good', 'cup', 'vessel']	neg	neg
A pot is not an	utensil	-8.492759	Ġutens	['object', 'oven', 'egg', 'instrument', 'ideal']	neg	aff
A baby is an	infant	-0.6608639	Ġinfant	['infant', 'important', 'individual', 'animal', 'organism']	aff	aff
A baby is a	grown-up	-8.700259	Ġgrown	['baby', 'newborn', 'child', 'young', 'new']	aff	neg
A baby is not a	grown-up	-5.61557	Ġgrown	['baby', 'child', 'person', 'newborn', 'perfect']	neg	neg
A baby is not an	infant	-1.508812	Ġinfant	['adult', 'infant', 'animal', 'object', 'egg']	neg	aff
A loom is a	tool	-2.9258404	Ġtool	['machine', 'device', 'tool', 'mechanical', 'type']	aff	aff
A loom is a	place	-8.960035	Ġplace	['machine', 'device', 'tool', 'mechanical', 'type']	aff	neg
A loom is not a	place	-5.519823	Ġplace	['machine', 'tool', 'simple', 'single', 'piece']	neg	neg
A loom is not a	tool	-2.7415075	Ġtool	['machine', 'tool', 'simple', 'single', 'piece']	neg	aff
A treatment is a	therapy	-5.54261	Ġtherapy	['method', 'series', 'combination', 'way', 'process']	aff	aff
A treatment is an	iPod	-11.795985	ĠiPod	['intervention', 'effective', 'action', 'approach', 'example']	aff	neg
A treatment is not an	iPod	-11.11128	ĠiPod	['end', 'exact', 'effective', 'alternative', 'emergency']	neg	neg
A treatment is not a	therapy	-5.778962	Ġtherapy	['cure', 'magic', 'miracle', 'drug', 'solution']	neg	aff
An ox is an	animal	-0.34426498	Ġanimal	['animal', 'ancient', 'ox', 'example', 'item']	aff	aff
An ox is a	plant	-5.5597515	Ġplant	['type', 'horse', '', 'man', 'unit']	aff	neg
An ox is not a	plant	-4.528159	Ġplant	['person', 'horse', 'dog', 'man', 'cow']	neg	neg
An ox is not an	animal	-0.92920876	Ġanimal	['animal', 'ox', 'object', 'elephant', 'egg']	neg	aff
A railroad is a	transportation	-4.5926294	Ġtransportation	['railway', 'long', 'line', 'train', 'system']	aff	aff
A railroad is a	bus	-8.976014	Ġbus	['railway', 'long', 'line', 'train', 'system']	aff	neg
A railroad is not a	bus	-7.3089952	Ġbus	['railroad', 'straight', 'single', 'road', 'good']	neg	neg
A railroad is not a	transportation	-6.0583735	Ġtransportation	['railroad', 'straight', 'single', 'road', 'good']	neg	aff
A mower is a	machine	-3.3484478	Ġmachine	['rectangular', 'machine', 'type', 'square', 'rectangle']	aff	aff
A mower is a	phone	-13.07233	Ġphone	['rectangular', 'machine', 'type', 'square', 'rectangle']	aff	neg
A mower is not a	phone	-8.814919	Ġphone	['tool', 'machine', 'lawn', 'rectangular', 'good']	neg	neg
A mower is not a	machine	-3.453723	Ġmachine	['tool', 'machine', 'lawn', 'rectangular', 'good']	neg	aff
A factory is a	building	-4.5811367	Ġbuilding	['place', 'production', 'large', 'manufacturing', 'special']	aff	aff
A factory is a	store	-7.190468	Ġstore	['place', 'production', 'large', 'manufacturing', 'special']	aff	neg
A factory is not a	store	-5.7920656	Ġstore	['place', 'factory', 'business', 'company', 'person']	neg	neg
A factory is not a	building	-4.5812807	Ġbuilding	['place', 'factory', 'business', 'company', 'person']	neg	aff
A broccoli is a	vegetable	-1.921093	Ġvegetable	['vegetable', 'type', 'plant', 'cruc', 'kind']	aff	aff
A broccoli is a	fruit	-7.1380157	Ġfruit	['vegetable', 'type', 'plant', 'cruc', 'kind']	aff	neg
A broccoli is not a	fruit	-4.8914156	Ġfruit	['vegetable', 'broccoli', 'cabbage', 'plant', 'good']	neg	neg
A broccoli is not a	vegetable	-2.196827	Ġvegetable	['vegetable', 'broccoli', 'cabbage', 'plant', 'good']	neg	aff
A beat is a	rhythm	-4.217249	Ġrhythm	['unit', 'short', 'measure', 'sound', 'time']	aff	aff
A beat is a	melody	-9.577746	Ġmelody	['unit', 'short', 'measure', 'sound', 'time']	aff	neg
A beat is not a	melody	-8.34018	Ġmelody	['beat', 'sound', 'single', 'time', 'real']	neg	neg
A beat is not a	rhythm	-5.084009	Ġrhythm	['beat', 'sound', 'single', 'time', 'real']	neg	aff
A country is a	land	-4.6893673	Ġland	['country', 'nation', 'collection', 'group', 'state']	aff	aff
A country is a	sea	-8.36537	Ġsea	['country', 'nation', 'collection', 'group', 'state']	aff	neg
A country is not a	sea	-7.267517	Ġsea	['nation', 'country', 'state', 'single', 'collection']	neg	neg
A country is not a	land	-4.3521757	Ġland	['nation', 'country', 'state', 'single', 'collection']	neg	aff
A console is a	furniture	-10.688557	Ġfurniture	['device', 'computer', 'type', 'small', 'special']	aff	aff
A console is a	building	-5.6239834	Ġbuilding	['device', 'computer', 'type', 'small', 'special']	aff	neg
A console is not a	building	-6.1101036	Ġbuilding	['computer', 'device', 'real', 'single', 'terminal']	neg	neg
A console is not a	furniture	-9.630166	Ġfurniture	['computer', 'device', 'real', 'single', 'terminal']	neg	aff
A factory is a	workplace	-8.993795	Ġworkplace	['place', 'production', 'large', 'manufacturing', 'special']	aff	aff
A factory is a	mammal	-9.413596	ĠM	['place', 'production', 'large', 'manufacturing', 'special']	aff	neg
A factory is not a	mammal	-9.993952	ĠM	['place', 'factory', 'business', 'company', 'person']	neg	neg
A factory is not a	workplace	-7.303671	Ġworkplace	['place', 'factory', 'business', 'company', 'person']	neg	aff
A farm is a	place	-1.9704475	Ġplace	['place', 'large', 'farm', 'farmer', 'small']	aff	aff
A farm is a	mineral	-12.552212	Ġmineral	['place', 'large', 'farm', 'farmer', 'small']	aff	neg
A farm is not a	mineral	-10.799467	Ġmineral	['farm', 'place', 'single', 'small', 'good']	neg	neg
A farm is not a	place	-2.3192806	Ġplace	['farm', 'place', 'single', 'small', 'good']	neg	aff
A transistor is a	device	-2.2225494	Ġdevice	['semiconductor', 'device', 'type', 'three', 'circuit']	aff	aff
A transistor is a	toy	-11.083077	Ġtoy	['semiconductor', 'device', 'type', 'three', 'circuit']	aff	neg
A transistor is not a	toy	-10.875207	Ġtoy	['perfect', 'pure', 'device', 'single', 'switch']	neg	neg
A transistor is not a	device	-3.0546188	Ġdevice	['perfect', 'pure', 'device', 'single', 'switch']	neg	aff
A viola is an	instrument	-0.59300804	Ġinstrument	['instrument', 'important', 'upright', 'electric', 'acoustic']	aff	aff
A viola is a	place	-12.874342	Ġplace	['string', 'musical', 'bowed', 'type', 'small']	aff	neg
A viola is not a	place	-8.069035	Ġplace	['musical', 'viol', 'violin', 'piano', 'string']	neg	neg
A viola is not an	instrument	-0.39400482	Ġinstrument	['instrument', 'organ', 'object', 'electric', 'easy']	neg	aff
A monarchy is a	government	-3.9418163	Ġgovernment	['form', 'system', 'country', 'type', 'political']	aff	aff
A monarchy is a	religion	-11.592628	Ġreligion	['form', 'system', 'country', 'type', 'political']	aff	neg
A monarchy is not a	religion	-4.976721	Ġreligion	['monarchy', 'government', 'democracy', 'system', 'country']	neg	neg
A monarchy is not a	government	-2.8828907	Ġgovernment	['monarchy', 'government', 'democracy', 'system', 'country']	neg	aff
A telescope is a	device	-0.82629967	Ġdevice	['device', 'large', 'machine', 'tool', 'type']	aff	aff
A telescope is a	toy	-10.803855	Ġtoy	['device', 'large', 'machine', 'tool', 'type']	aff	neg
A telescope is not a	toy	-5.7052383	Ġtoy	['telescope', 'perfect', 'mirror', 'simple', 'device']	neg	neg
A telescope is not a	device	-3.889265	Ġdevice	['telescope', 'perfect', 'mirror', 'simple', 'device']	neg	aff
A mango is a	fruit	-1.191843	Ġfruit	['fruit', 'type', 'mango', 'sweet', 'tropical']	aff	aff
A mango is a	vegetable	-6.687749	Ġvegetable	['fruit', 'type', 'mango', 'sweet', 'tropical']	aff	neg
A mango is not a	vegetable	-4.876751	Ġvegetable	['fruit', 'mango', 'banana', 'pineapple', 'good']	neg	neg
A mango is not a	fruit	-1.8646383	Ġfruit	['fruit', 'mango', 'banana', 'pineapple', 'good']	neg	aff
A pilot is a	professional	-2.9929848	Ġprofessional	['person', 'pilot', 'professional', 'man', 'type']	aff	aff
A pilot is an	amateur	-6.349375	Ġamateur	['individual', 'air', 'aircraft', 'aviation', 'expert']	aff	neg
A pilot is not an	amateur	-6.276828	Ġamateur	['expert', 'ordinary', 'aircraft', 'airplane', 'easy']	neg	neg
A pilot is not a	professional	-5.084568	Ġprofessional	['pilot', 'person', 'good', 'man', 'fighter']	neg	aff
A manager is a	professional	-2.670147	Ġprofessional	['person', 'manager', 'professional', 'leader', 'type']	aff	aff
A manager is an	amateur	-10.099693	Ġamateur	['individual', 'employee', 'executive', 'important', 'official']	aff	neg
A manager is not an	amateur	-7.856039	Ġamateur	['employee', 'expert', 'executive', 'ordinary', 'individual']	neg	neg
A manager is not a	professional	-4.305084	Ġprofessional	['person', 'manager', 'leader', 'boss', 'good']	neg	aff
A doctrine is a	principle	-2.4694538	Ġprinciple	['set', 'principle', 'rule', 'body', 'general']	aff	aff
A doctrine is a	person	-8.476482	Ġperson	['set', 'principle', 'rule', 'body', 'general']	aff	neg
A doctrine is not a	person	-6.9158745	Ġperson	['law', 'rule', 'set', 'doctrine', 'legal']	neg	neg
A doctrine is not a	principle	-4.256586	Ġprinciple	['law', 'rule', 'set', 'doctrine', 'legal']	neg	aff
A tennis is a	sport	-3.7059422	Ġsport	['ball', 'tennis', 'type', 'game', '']	aff	aff
A tennis is a	vegetable	-9.730524	Ġvegetable	['ball', 'tennis', 'type', 'game', '']	aff	neg
A tennis is not a	vegetable	-7.1778126	Ġvegetable	['ball', 'tennis', 'good', 'perfect', 'sport']	neg	neg
A tennis is not a	sport	-4.12302	Ġsport	['ball', 'tennis', 'good', 'perfect', 'sport']	neg	aff
A cap is a	clothing	-7.2278814	Ġclothing	['type', 'small', 'piece', 'circular', 'device']	aff	aff
A cap is a	person	-7.1126423	Ġperson	['type', 'small', 'piece', 'circular', 'device']	aff	neg
A cap is not a	person	-5.3918943	Ġperson	['cap', 'hat', 'good', 'cup', 'ball']	neg	neg
A cap is not a	clothing	-8.014443	Ġclothing	['cap', 'hat', 'good', 'cup', 'ball']	neg	aff
A chairman is a	human	-6.107278	Ġhuman	['person', 'man', 'member', 'leader', 'senior']	aff	aff
A chairman is a	machine	-10.902273	Ġmachine	['person', 'man', 'member', 'leader', 'senior']	aff	neg
A chairman is not a	machine	-8.219666	Ġmachine	['member', 'person', 'man', 'secretary', 'president']	neg	neg
A chairman is not a	human	-6.410697	Ġhuman	['member', 'person', 'man', 'secretary', 'president']	neg	aff
A court is a	room	-5.5830364	Ġroom	['body', 'place', 'tribunal', 'specialized', 'judicial']	aff	aff
A court is a	tree	-10.951871	Ġtree	['body', 'place', 'tribunal', 'specialized', 'judicial']	aff	neg
A court is not a	tree	-8.304885	Ġtree	['place', 'government', 'court', 'judge', 'private']	neg	neg
A court is not a	room	-4.328557	Ġroom	['place', 'government', 'court', 'judge', 'private']	neg	aff
A court is a	building	-5.464978	Ġbuilding	['body', 'place', 'tribunal', 'specialized', 'judicial']	aff	aff
A court is a	plant	-12.585761	Ġplant	['body', 'place', 'tribunal', 'specialized', 'judicial']	aff	neg
A cout is not a	plant	-8.045411	Ġplant	['piece', 'product', 'single', 'thing', 'real']	neg	neg
A cout is not a	building	-6.4305086	Ġbuilding	['piece', 'product', 'single', 'thing', 'real']	neg	aff
A painting is a	drawing	-6.805626	Ġdrawing	['rectangle', 'rectangular', 'cube', '', 'square']	aff	aff
A painting is a	sculpture	-6.1893044	Ġsculpture	['rectangle', 'rectangular', 'cube', '', 'square']	aff	neg
A painting is not a	sculpture	-4.6545057	Ġsculpture	['painting', 'work', 'picture', 'single', 'piece']	neg	neg
A painting is not a	drawing	-6.3231697	Ġdrawing	['painting', 'work', 'picture', 'single', 'piece']	neg	aff
A guppy is a	fish	-2.6924343	Ġfish	['small', 'type', 'fish', 'popular', 'very']	aff	aff
A guppy is a	reptile	-8.058281	Ġrept	['small', 'type', 'fish', 'popular', 'very']	aff	neg
A guppy is not a	reptile	-7.9554005	Ġrept	['fish', 'dog', 'cat', 'g', 'baby']	neg	neg
A guppy is not a	fish	-2.2257786	Ġfish	['fish', 'dog', 'cat', 'g', 'baby']	neg	aff
A ginger is a	plant	-3.1945915	Ġplant	['ginger', 'small', 'type', 'plant', 'member']	aff	aff
A ginger is a	flavor	-7.3027115	Ġflavor	['ginger', 'small', 'type', 'plant', 'member']	aff	neg
A ginger is not a	flavor	-8.137049	Ġflavor	['ginger', 'spice', 'fruit', 'dog', 'good']	neg	neg
A ginger is not a	plant	-5.1086855	Ġplant	['ginger', 'spice', 'fruit', 'dog', 'good']	neg	aff
A goat is an	animal	-0.96095085	Ġanimal	['animal', 'example', 'old', 'equ', 'ancient']	aff	aff
A goat is a	person	-6.2079144	Ġperson	['member', 'goat', 'very', 'good', 'small']	aff	neg
A goat is not a	person	-4.1747656	Ġperson	['goat', 'dog', 'sheep', 'cow', 'horse']	neg	neg
A goat is not an	animal	-0.60298157	Ġanimal	['animal', 'elephant', 'object', 'ant', 'apple']	neg	aff
A submarine is a	vehicle	-4.0309505	Ġvehicle	['vessel', 'ship', 'type', 'device', 'boat']	aff	aff
A submarine is a	fish	-8.342806	Ġfish	['vessel', 'ship', 'type', 'device', 'boat']	aff	neg
A submarine is not a	fish	-6.051903	Ġfish	['perfect', 'ship', 'machine', 'submarine', 'real']	neg	neg
A submarine is not a	vehicle	-5.1742306	Ġvehicle	['perfect', 'ship', 'machine', 'submarine', 'real']	neg	aff
A gift is a	present	-4.2814913	Ġpresent	['gift', 'set', 'piece', 'box', 'small']	aff	aff
A gift is a	feeling	-12.3794365	Ġfeeling	['gift', 'set', 'piece', 'box', 'small']	aff	neg
A gift is not a	feeling	-9.671294	Ġfeeling	['gift', 'present', 'thing', 'mere', 'simple']	neg	neg
A gift is not a	present	-2.0520344	Ġpresent	['gift', 'present', 'thing', 'mere', 'simple']	neg	aff
A degree is a	document	-10.155693	Ġdocument	['measure', 'special', 'number', 'mathematical', 'fundamental']	aff	aff
A degree is a	person	-7.821574	Ġperson	['measure', 'special', 'number', 'mathematical', 'fundamental']	aff	neg
A degree is not a	person	-5.653618	Ġperson	['number', 'unit', 'whole', 'measure', 'real']	neg	neg
A degree is not a	document	-9.368577	Ġdocument	['number', 'unit', 'whole', 'measure', 'real']	neg	aff
A swimming is a	sport	-2.502472	Ġsport	['sport', 'great', 'popular', 'fun', 'very']	aff	aff
A swimming is a	vegetable	-11.485634	Ġvegetable	['sport', 'great', 'popular', 'fun', 'very']	aff	neg
A swimming is not a	vegetable	-9.286156	Ġvegetable	['sport', 'game', 'good', 'new', 'swimming']	neg	neg
A swimming is not a	sport	-1.8307495	Ġsport	['sport', 'game', 'good', 'new', 'swimming']	neg	aff
A basket is a	container	-2.3886147	Ġcontainer	['container', 'place', 'rectangular', 'collection', 'box']	aff	aff
A basket is a	material	-7.8675756	Ġmaterial	['container', 'place', 'rectangular', 'collection', 'box']	aff	neg
A basket is not a	material	-8.019433	Ġmaterial	['basket', 'place', 'container', 'box', 'good']	neg	neg
A basket is not a	container	-3.3566866	Ġcontainer	['basket', 'place', 'container', 'box', 'good']	neg	aff
A television is an	electronics	-5.5419197	Ġelectronics	['important', 'electronic', 'investment', 'example', 'essential']	aff	aff
A television is a	plant	-11.149812	Ġplant	['device', 'very', 'large', 'medium', 'product']	aff	neg
A television is not a	plant	-8.973295	Ġplant	['good', 'product', 'TV', 'television', 'toy']	neg	neg
A television is not an	electronics	-5.9774866	Ġelectronics	['expensive', 'item', 'object', 'electronic', 'ordinary']	neg	aff
A butterfly is an	insect	-0.281456	Ġinsect	['insect', 'animal', 'interesting', 'organism', 'in']	aff	aff
A butterfly is a	mammal	-9.402943	ĠM	['small', 'butterfly', 'type', 'wing', 'flying']	aff	neg
A butterfly is not a	mammal	-8.418813	Ġmamm	['butterfly', 'bug', 'bird', 'moth', 'person']	neg	neg
A butterfly is not an	insect	-0.3308773	Ġinsect	['insect', 'ant', 'egg', 'airplane', 'animal']	neg	aff
A pill is a	drug	-4.275262	Ġdrug	['good', 'mixture', 'unit', 'cylinder', 'cube']	aff	aff
A pill is a	food	-6.8773823	Ġfood	['good', 'mixture', 'unit', 'cylinder', 'cube']	aff	neg
A pill is not a	food	-6.2916965	Ġfood	['pill', 'medicine', 'drug', 'tablet', 'good']	neg	neg
A pill is not a	drug	-3.9068365	Ġdrug	['pill', 'medicine', 'drug', 'tablet', 'good']	neg	aff
A limousine is a	vehicle	-2.360468	Ġvehicle	['vehicle', 'type', 'car', 'small', 'luxury']	aff	aff
A limousine is a	flower	-11.436997	Ġflower	['vehicle', 'type', 'car', 'small', 'luxury']	aff	neg
A limousine is not a	flower	-9.600236	Ġflower	['car', 'luxury', 'vehicle', 'real', 'typical']	neg	neg
A limousine is not a	vehicle	-3.4413967	Ġvehicle	['car', 'luxury', 'vehicle', 'real', 'typical']	neg	aff
A turkey is an	animal	-1.7291393	Ġanimal	['animal', 'egg', 'important', 'example', 'odd']	aff	aff
A turkey is a	plant	-8.427989	Ġplant	['bird', 'type', 'large', 'small', 'chicken']	aff	neg
A turkey is not a	plant	-5.8884077	Ġplant	['bird', 'turkey', 'chicken', 'good', 'dog']	neg	neg
A turkey is not an	animal	-1.7350616	Ġanimal	['animal', 'egg', 'apple', 'object', 'actual']	neg	aff
A kangaroo is an	animal	-0.40910912	Ġanimal	['animal', 'Australian', 'example', 'interesting', 'unusual']	aff	aff
A kangaroo is a	person	-9.132597	Ġperson	['mars', 'mamm', 'type', 'large', 'small']	aff	neg
A kangaroo is not a	person	-5.446519	Ġperson	['kang', 'rabbit', 'mamm', 'dog', 'bird']	neg	neg
A kangaroo is not an	animal	-0.59683037	Ġanimal	['animal', 'insect', 'amphib', 'elephant', 'example']	neg	aff
A violine is an	instrument	-0.76164246	Ġinstrument	['instrument', 'important', 'upright', 'electric', 'effective']	aff	aff
A violine is a	person	-9.854585	Ġperson	['string', 'musical', 'bowed', 'wood', 'type']	aff	neg
A violin is not a	person	-5.6775827	Ġperson	['violin', 'musical', 'string', 'piano', 'perfect']	neg	neg
A violin is not an	instrument	-0.7554493	Ġinstrument	['instrument', 'object', 'ideal', 'ordinary', 'orchestra']	neg	aff
A rug is a	covering	-7.3308764	Ġcovering	['square', 'rectangular', 'rectangle', 'floor', '']	aff	aff
A rug is a	vegetable	-10.920057	Ġvegetable	['square', 'rectangular', 'rectangle', 'floor', '']	aff	neg
A rug is not a	vegetable	-8.476142	Ġvegetable	['rectangle', 'square', 'carpet', 'rug', 'rectangular']	neg	neg
A rug is not a	covering	-6.6208353	Ġcovering	['rectangle', 'square', 'carpet', 'rug', 'rectangular']	neg	aff
A parent is a	guardian	-4.281207	Ġguardian	['person', 'child', 'parent', 'good', 'woman']	aff	aff
A parent is a	child	-2.817276	Ġchild	['person', 'child', 'parent', 'good', 'woman']	aff	neg
A parent is not a	child	-2.8566704	Ġchild	['parent', 'child', 'good', 'person', 'stranger']	neg	neg
A parent is not a	guardian	-4.634989	Ġguardian	['parent', 'child', 'good', 'person', 'stranger']	neg	aff
A student is a	pupil	-7.1867685	Ġpupil	['student', 'person', 'good', 'member', 'little']	aff	aff
A student is a	child	-5.63834	Ġchild	['student', 'person', 'good', 'member', 'little']	aff	neg
A student is not a	child	-3.8718452	Ġchild	['student', 'person', 'good', 'child', 'perfect']	neg	neg
A student is not a	pupil	-6.4093103	Ġpupil	['student', 'person', 'good', 'child', 'perfect']	neg	aff
A bathroom is a	room	-1.9017258	Ġroom	['room', 'rectangular', 'square', 'common', 'rectangle']	aff	aff
A bathroom is a	house	-9.265494	Ġhouse	['room', 'rectangular', 'square', 'common', 'rectangle']	aff	neg
A bathroom is not a	house	-5.8818607	Ġhouse	['bathroom', 'room', 'place', 'good', 'small']	neg	neg
A bathroom is not a	room	-2.697548	Ġroom	['bathroom', 'room', 'place', 'good', 'small']	neg	aff
A cloud is an	atmospheric	-6.2093887	Ġatmospheric	['area', 'array', 'object', 'artificial', 'electronic']	aff	aff
A cloud is a	star	-8.219206	Ġstar	['collection', 'network', 'large', 'cloud', 'virtual']	aff	neg
A cloud is not a	star	-5.7068853	Ġstar	['single', 'cloud', 'physical', 'thing', 'collection']	neg	neg
A cloud is not an	atmospheric	-7.9606304	Ġatmospheric	['object', 'isolated', 'entity', 'empty', 'island']	neg	aff
A song is a	music	-4.3619194	Ġmusic	['piece', 'musical', '', 'song', 'type']	aff	aff
A song is a	noise	-10.031402	Ġnoise	['piece', 'musical', '', 'song', 'type']	aff	neg
A song is not a	noise	-7.6039295	Ġnoise	['song', 'poem', 'piece', 'thing', 'single']	neg	neg
A song is not a	music	-5.1026726	Ġmusic	['song', 'poem', 'piece', 'thing', 'single']	neg	aff
A fly is an	insect	-0.7899399	Ġinsect	['insect', 'animal', 'inch', 'object', 'egg']	aff	aff
A fly is a	tool	-8.686227	Ġtool	['fly', 'bug', 'certain', 'little', '']	aff	neg
A fly is not a	tool	-6.3057203	Ġtool	['bug', 'fly', 'bird', 'real', 'person']	neg	neg
A fly is not an	insect	-0.8202591	Ġinsect	['insect', 'object', 'animal', 'easy', 'example']	neg	aff
A worm is an	invertebrate	-3.9464264	Ġin	['insect', 'organism', 'animal', 'example', 'ancient']	aff	aff
A worm is a	vertebrate	-10.565267	Ġverte	['small', 'type', 'very', 'worm', 'tiny']	aff	neg
A worm is not a	vertebrate	-7.955307	Ġverte	['worm', 'virus', 'creature', 'living', 'bug']	neg	neg
A worm is not an	invertebrate	-5.833273	Ġin	['animal', 'insect', 'organism', 'object', 'atom']	neg	aff
A mother is a	person	-4.246269	Ġperson	['good', '(n', 'woman', 'mother', 'grandmother']	aff	aff
A mother is a	computer	-8.163329	Ġcomputer	['good', '(n', 'woman', 'mother', 'grandmother']	aff	neg
A mother is not a	computer	-8.559622	Ġcomputer	['mother', 'parent', 'good', 'woman', 'person']	neg	neg
A mother is not a	person	-3.604186	Ġperson	['mother', 'parent', 'good', 'woman', 'person']	neg	aff
A sibling is a	family	-3.9630604	Ġfamily	['person', 'close', 'child', 'friend', 'brother']	aff	aff
A sibling is a	machine	-10.389044	Ġmachine	['person', 'close', 'child', 'friend', 'brother']	aff	neg
A sibling is not a	machine	-10.831667	Ġmachine	['sibling', 'child', 'brother', 'good', 'friend']	neg	neg
A sibling is not a	family	-4.1646233	Ġfamily	['sibling', 'child', 'brother', 'good', 'friend']	neg	aff
A vacation is a	trip	-4.314518	Ġtrip	['time', 'great', 'wonderful', 'special', 'dream']	aff	aff
A vacation is a	time	-2.2487602	Ġtime	['time', 'great', 'wonderful', 'special', 'dream']	aff	neg
A vacation is not a	time	-4.214815	Ġtime	['vacation', 'destination', 'trip', 'place', 'holiday']	neg	neg
A vacation is not a	trip	-2.8151703	Ġtrip	['vacation', 'destination', 'trip', 'place', 'holiday']	neg	aff
A fireplace is a	structure	-5.2434273	Ġstructure	['fire', 'very', 'room', 'place', 'large']	aff	aff
A fireplace is a	creature	-9.549098	Ġcreature	['fire', 'very', 'room', 'place', 'large']	aff	neg
A fireplace is not a	creature	-7.899046	Ġcreature	['fire', 'fireplace', 'good', 'place', 'new']	neg	neg
A fireplace is not a	structure	-7.7237864	Ġstructure	['fire', 'fireplace', 'good', 'place', 'new']	neg	aff
A basenji is a	dog	-1.8638229	Ġdog	['breed', 'dog', 'small', 'type', 'hybrid']	aff	aff
A basenji is a	cat	-6.603202	Ġcat	['breed', 'dog', 'small', 'type', 'hybrid']	aff	neg
A basenji is not a	cat	-4.312191	Ġcat	['dog', 'breed', 'type', 'good', 'pure']	neg	neg
A basenji is not a	dog	-1.420557	Ġdog	['dog', 'breed', 'type', 'good', 'pure']	neg	aff
A chihuahua is a	dog	-3.1811962	Ġdog	['small', 'large', 'medium', 'dangerous', 'dog']	aff	aff
A chihuahua is a	reptile	-8.466181	Ġrept	['small', 'large', 'medium', 'dangerous', 'dog']	aff	neg
A chihuahua is not a	reptile	-6.8802166	Ġrept	['pit', 'dog', 'cat', 'good', 'p']	neg	neg
A chihuahua is not a	dog	-1.5503235	Ġdog	['pit', 'dog', 'cat', 'good', 'p']	neg	aff
A dalmatian is a	dog	-1.2102737	Ġdog	['dog', 'breed', 'large', 'type', 'small']	aff	aff
A dalmatian is a	horse	-9.067124	Ġhorse	['dog', 'breed', 'large', 'type', 'small']	aff	neg
A dalmatian is not a	horse	-6.6796284	Ġhorse	['dog', 'd', 'cat', 'real', 'p']	neg	neg
A dalmatian is not a	dog	-0.91093826	Ġdog	['dog', 'd', 'cat', 'real', 'p']	neg	aff
A labrador is a	dog	-1.8447018	Ġdog	['dog', 'large', 'type', '', 'breed']	aff	aff
A labrador is a	bird	-9.625821	Ġbird	['dog', 'large', 'type', '', 'breed']	aff	neg
A labrador is not a	bird	-6.178692	Ġbird	['dog', 'puppy', 'good', 'type', 'p']	neg	neg
A labrador is not a	dog	-1.4381218	Ġdog	['dog', 'puppy', 'good', 'type', 'p']	neg	aff
A crocus is a	flower	-1.2724609	Ġflower	['flower', 'plant', 'type', 'bulb', 'flowering']	aff	aff
A crocus is a	bird	-9.507692	Ġbird	['flower', 'plant', 'type', 'bulb', 'flowering']	aff	neg
A crocus is not a	bird	-5.992323	Ġbird	['cro', 'flower', 'plant', 'rose', 'c']	neg	neg
A crocus is not a	flower	-1.5245743	Ġflower	['cro', 'flower', 'plant', 'rose', 'c']	neg	aff
A raddish is a	vegetable	-3.8930206	Ġvegetable	['small', 'type', 'plant', 'fruit', 'member']	aff	aff
A raddish is a	flower	-5.435549	Ġflower	['small', 'type', 'plant', 'fruit', 'member']	aff	neg
A raddish is not a	flower	-4.033943	Ġflower	['fruit', 'vegetable', 'plant', 'type', 'true']	neg	neg
A raddish is not a	vegetable	-2.1453342	Ġvegetable	['fruit', 'vegetable', 'plant', 'type', 'true']	neg	aff
A delphinium is a	flower	-2.3324442	Ġflower	['type', 'flower', 'perennial', 'plant', 'flowering']	aff	aff
A delphinium is an	insect	-6.268408	Ġinsect	['annual', 'herb', 'orn', 'aquatic', 'early']	aff	neg
A delphinium is not an	insect	-3.7554684	Ġinsect	['animal', 'herb', 'annual', 'actual', 'edible']	neg	neg
A delphinium is not a	flower	-1.7647285	Ġflower	['flower', 'plant', 'type', 'true', 'rose']	neg	aff
A chisel is a	tool	-1.0625362	Ġtool	['tool', 'type', 'small', 'hand', 'specialized']	aff	aff
A chisel is an	insect	-9.196322	Ġinsect	['essential', 'important', 'instrument', 'indispensable', 'extremely']	aff	neg
A chisel is not an	insect	-7.1024685	Ġinsect	['instrument', 'object', 'ideal', 'effective', 'actual']	neg	neg
A chisel is not a	tool	-1.0290432	Ġtool	['tool', 'sharp', 'type', 'cutting', 'standard']	neg	aff
A money is a	currency	-4.390517	Ġcurrency	['piece', 'unit', 'small', '', 'type']	aff	aff
A money is a	tool	-5.211712	Ġtool	['piece', 'unit', 'small', '', 'type']	aff	neg
A money is not a	tool	-5.6735783	Ġtool	['money', 'currency', 'coin', 'thing', 'good']	neg	neg
A money is not a	currency	-2.8535337	Ġcurrency	['money', 'currency', 'coin', 'thing', 'good']	neg	aff
A boulder is a	rock	-2.2157116	Ġrock	['rock', 'large', 'small', 'natural', 'mass']	aff	aff
A boulder is a	mammal	-10.573634	ĠM	['rock', 'large', 'small', 'natural', 'mass']	aff	neg
A boulder is not a	mammal	-9.136076	ĠM	['rock', 'b', 'stone', 'ball', 'good']	neg	neg
A boulder is not a	rock	-2.2100792	Ġrock	['rock', 'b', 'stone', 'ball', 'good']	neg	aff
A classroom is a	room	-4.0512	Ġroom	['rectangular', 'rectangle', 'square', '', 'place']	aff	aff
A classroom is a	tree	-6.865556	Ġtree	['rectangular', 'rectangle', 'square', '', 'place']	aff	neg
A classroom is not a	tree	-6.78771	Ġtree	['place', 'room', 'classroom', 'perfect', 'good']	neg	neg
A classroom is not a	room	-2.608612	Ġroom	['place', 'room', 'classroom', 'perfect', 'good']	neg	aff
A park is a	place	-3.6226292	Ġplace	['rectangular', 'rectangle', 'square', 'circular', '']	aff	aff
A park is an	insect	-8.31609	Ġinsect	['area', 'open', 'example', 'enclosed', 'ideal']	aff	neg
A park is not an	insect	-6.9534893	Ġinsect	['island', 'isolated', 'ideal', 'area', 'enclosed']	neg	neg
A park is not a	place	-1.8002281	Ġplace	['place', 'park', 'garden', 'playground', 'good']	neg	aff
A drink is a	beverage	-3.5668182	Ġbeverage	['drink', 'mixture', 'liquid', 'beverage', 'good']	aff	aff
A drink is a	pie	-8.464116	Ġpie	['drink', 'mixture', 'liquid', 'beverage', 'good']	aff	neg
A drink is not a	pie	-8.83209	Ġpie	['drink', 'beverage', 'good', 'cup', 'single']	neg	neg
A drink is not a	beverage	-3.3715277	Ġbeverage	['drink', 'beverage', 'good', 'cup', 'single']	neg	aff
A dinosaur is a	reptile	-3.7801533	Ġrept	['type', 'large', 'creature', 'kind', 'member']	aff	aff
A dinosaur is a	mammal	-4.3223724	Ġmamm	['type', 'large', 'creature', 'kind', 'member']	aff	neg
A dinosaur is not a	mammal	-4.9449043	Ġmamm	['dinosaur', 'bird', 'plant', 'living', 'person']	neg	neg
A dinosaur is not a	reptile	-4.309016	Ġrept	['dinosaur', 'bird', 'plant', 'living', 'person']	neg	aff
A gull is a	bird	-1.0206013	Ġbird	['bird', 'small', 'large', 'type', 'seab']	aff	aff
A gull is a	mammal	-9.017239	Ġmamm	['bird', 'small', 'large', 'type', 'seab']	aff	neg
A gull is not a	mammal	-6.9498215	Ġmamm	['bird', 'g', 'duck', 'goose', 'fish']	neg	neg
A gull is not a	bird	-1.1866646	Ġbird	['bird', 'g', 'duck', 'goose', 'fish']	neg	aff
A liver is an	organ	-0.15704727	Ġorgan	['organ', 'important', 'essential', 'internal', 'organic']	aff	aff
A liver is a	glass	-10.358733	Ġglass	['hollow', 'large', 'solid', 'muscular', 'vital']	aff	neg
A liver is not a	glass	-8.249011	Ġglass	['single', 'liver', 'part', 'simple', 'normal']	neg	neg
A liver is not an	organ	-0.40739822	Ġorgan	['organ', 'animal', 'organic', 'actual', 'easy']	neg	aff
A coat is a	garment	-6.0378685	Ġgarment	['certain', 'good', '', 'dress', 'fashion']	aff	aff
A coat is a	house	-8.647092	Ġhouse	['certain', 'good', '', 'dress', 'fashion']	aff	neg
A coat is not a	house	-5.808695	Ġhouse	['good', 'shirt', 'coat', 'dress', 'suit']	neg	neg
A coat is not a	garment	-4.7921133	Ġgarment	['good', 'shirt', 'coat', 'dress', 'suit']	neg	aff
A bedroom is a	room	-1.5594482	Ġroom	['room', 'square', '', 'place', 'standard']	aff	aff
A bedroom is a	house	-8.069828	Ġhouse	['room', 'square', '', 'place', 'standard']	aff	neg
A bedroom is not a	house	-4.4674015	Ġhouse	['bedroom', 'room', 'place', 'good', 'small']	neg	neg
A bedroom is not a	room	-2.362444	Ġroom	['bedroom', 'room', 'place', 'good', 'small']	neg	aff
A garlic is a	vegetable	-4.338929	Ġvegetable	['small', 'bulb', 'type', 'long', 'garlic']	aff	aff
A garlic is a	fruit	-5.576988	Ġfruit	['small', 'bulb', 'type', 'long', 'garlic']	aff	neg
A garlic is not a	fruit	-4.8009825	Ġfruit	['single', 'good', 'vegetable', 'garlic', 'perfect']	neg	neg
A garlic is not a	vegetable	-4.111415	Ġvegetable	['single', 'good', 'vegetable', 'garlic', 'perfect']	neg	aff
A wallet is an	accessory	-5.353117	Ġaccessory	['important', 'electronic', 'item', 'object', 'essential']	aff	aff
A wallet is a	food	-10.634858	Ġfood	['container', 'small', 'place', 'device', 'piece']	aff	neg
A wallet is not a	food	-8.049901	Ġfood	['wallet', 'safe', 'good', 'bank', 'person']	neg	neg
A wallet is not an	accessory	-6.7295275	Ġaccessory	['item', 'object', 'investment', 'electronic', 'asset']	neg	aff
A race is a	competition	-2.071741	Ġcompetition	['race', 'competition', 'series', 'game', '']	aff	aff
A race is a	party	-7.9602757	Ġparty	['race', 'competition', 'series', 'game', '']	aff	neg
A race is not a	party	-7.193554	Ġparty	['race', 'competition', 'game', 'contest', 'sport']	neg	neg
A race is not a	competition	-2.5737495	Ġcompetition	['race', 'competition', 'game', 'contest', 'sport']	neg	aff
A university is an	institution	-1.1122189	Ġinstitution	['institution', 'organization', 'educational', 'entity', 'academic']	aff	aff
A university is a	tree	-9.435333	Ġtree	['place', 'large', 'public', 'group', 'university']	aff	neg
A university is not a	tree	-7.3146763	Ġtree	['place', 'government', 'perfect', 'single', 'private']	neg	neg
A university is not an	institution	-2.1549892	Ġinstitution	['organization', 'institution', 'ideal', 'entity', 'isolated']	neg	aff
A belt is an	accessory	-7.2459984	Ġaccessory	['important', 'elastic', 'object', 'integral', 'element']	aff	aff
A belt is a	food	-10.411272	Ġfood	['flexible', 'type', 'thin', 'piece', 'belt']	aff	neg
A belt is not a	food	-8.901041	Ġfood	['single', 'simple', 'rigid', 'part', 'straight']	neg	neg
A belt is not an	accessory	-7.71542	Ġaccessory	['ideal', 'object', 'actual', 'elastic', 'element']	neg	aff
A carp is a	fish	-5.7389774	Ġfish	['small', 'tool', 'type', 'piece', 'person']	aff	aff
A carp is a	reptile	-9.437633	Ġrept	['small', 'tool', 'type', 'piece', 'person']	aff	neg
A carp is not a	reptile	-9.32224	Ġrept	['tool', 'carp', 'person', 'real', 'fish']	neg	neg
A carp is not a	fish	-4.1847963	Ġfish	['tool', 'carp', 'person', 'real', 'fish']	neg	aff
A washer is a	machine	-4.4936686	Ġmachine	['cylindrical', 'circular', 'rectangular', 'common', 'type']	aff	aff
A washer is a	person	-8.629242	Ġperson	['cylindrical', 'circular', 'rectangular', 'common', 'type']	aff	neg
A washer is not a	person	-6.759035	Ġperson	['machine', 'good', 'ball', 'washer', 'part']	neg	neg
A washer is not a	machine	-3.8712616	Ġmachine	['machine', 'good', 'ball', 'washer', 'part']	neg	aff
A dryer is a	machine	-1.9220104	Ġmachine	['device', 'machine', 'mechanical', 'type', 'tool']	aff	aff
A dryer is a	place	-4.878145	Ġplace	['device', 'machine', 'mechanical', 'type', 'tool']	aff	neg
A dryer is not a	place	-4.6413507	Ġplace	['device', 'vacuum', 'machine', 'good', 'new']	neg	neg
A dryer is not a	machine	-3.476138	Ġmachine	['device', 'vacuum', 'machine', 'good', 'new']	neg	aff
A stove is a	device	-3.0526333	Ġdevice	['common', 'heating', 'cooking', 'kitchen', 'device']	aff	aff
A stove is a	room	-6.53893	Ġroom	['common', 'heating', 'cooking', 'kitchen', 'device']	aff	neg
A stove is not a	room	-6.0157585	Ġroom	['stove', 'good', 'fire', 'kitchen', 'simple']	neg	neg
A stove is not a	device	-5.4050627	Ġdevice	['stove', 'good', 'fire', 'kitchen', 'simple']	neg	aff
A souffle is a	recipe	-6.4703245	Ġrecipe	['type', 'pastry', 'French', 'cake', 'kind']	aff	aff
A souffle is a	tool	-8.195391	Ġtool	['type', 'pastry', 'French', 'cake', 'kind']	aff	neg
A souffle is not a	tool	-8.276137	Ġtool	['sou', 'traditional', 'real', 'cake', 'typical']	neg	neg
A souffle is not a	recipe	-5.554986	Ġrecipe	['sou', 'traditional', 'real', 'cake', 'typical']	neg	aff
A plum is a	fruit	-1.4142342	Ġfruit	['fruit', 'small', 'type', 'sweet', 'plum']	aff	aff
A plum is a	tool	-10.466767	Ġtool	['fruit', 'small', 'type', 'sweet', 'plum']	aff	neg
A plum is not a	tool	-8.225927	Ġtool	['plum', 'fruit', 'pear', 'bird', 'cherry']	neg	neg
A plum is not a	fruit	-1.7197933	Ġfruit	['plum', 'fruit', 'pear', 'bird', 'cherry']	neg	aff
A meeting is an	event	-1.6575317	Ġevent	['important', 'event', 'activity', 'occasion', 'assembly']	aff	aff
A meeting is a	person	-6.497096	Ġperson	['special', 'meeting', 'gathering', 'place', 'group']	aff	neg
A meeting is not a	person	-5.3591576	Ġperson	['meeting', 'place', 'formal', 'good', 'single']	neg	neg
A meeting is not an	event	-2.2883987	Ġevent	['event', 'occasion', 'opportunity', 'ordinary', 'exception']	neg	aff
An anvil is a	tool	-2.3951912	Ġtool	['tool', 'large', 'piece', 'heavy', 'metal']	aff	aff
An anvil is a	rock	-5.173665	Ġrock	['tool', 'large', 'piece', 'heavy', 'metal']	aff	neg
An anvil is not a	rock	-5.509988	Ġrock	['tool', 'hammer', 'good', 'solid', 'perfect']	neg	neg
An anvil is not a	tool	-2.6446924	Ġtool	['tool', 'hammer', 'good', 'solid', 'perfect']	neg	aff
A scissor is a	tool	-1.5094376	Ġtool	['tool', 'device', 'type', 'pair', 'mechanical']	aff	aff
A scissor is a	plant	-10.545461	Ġplant	['tool', 'device', 'type', 'pair', 'mechanical']	aff	neg
An scissor is not a	plant	-7.9239864	Ġplant	['tool', 'type', 'part', 'lever', 'straight']	neg	neg
An scissor is not a	tool	-2.7901783	Ġtool	['tool', 'type', 'part', 'lever', 'straight']	neg	aff
A screw is a	tool	-3.7686157	Ġtool	['cylindrical', 'simple', 'common', 'device', 'small']	aff	aff
A screw is a	drink	-16.333609	Ġdrink	['cylindrical', 'simple', 'common', 'device', 'small']	aff	neg
A screw is not a	drink	-12.53432	Ġdrink	['screw', 'part', 'single', 'simple', 'worm']	neg	neg
A screw is not a	tool	-4.115675	Ġtool	['screw', 'part', 'single', 'simple', 'worm']	neg	aff
A manager is a	supervisor	-5.0176764	Ġsupervisor	['person', 'manager', 'professional', 'leader', 'type']	aff	aff
A manager is a	place	-8.0111475	Ġplace	['person', 'manager', 'professional', 'leader', 'type']	aff	neg
A manager is not a	place	-7.692526	Ġplace	['person', 'manager', 'leader', 'boss', 'good']	neg	neg
A manager is not a	supervisor	-4.4552307	Ġsupervisor	['person', 'manager', 'leader', 'boss', 'good']	neg	aff
A motel is a	building	-4.1970453	Ġbuilding	['business', 'place', 'room', 'hotel', '']	aff	aff
A motel is an	animal	-8.369972	Ġanimal	['inn', 'establishment', 'example', 'accommodation', 'economic']	aff	neg
A model is not an	animal	-6.674719	Ġanimal	['exact', 'object', 'actual', 'ideal', 'accurate']	neg	neg
A model is not a	building	-6.1288986	Ġbuilding	['real', 'perfect', 'physical', 'representation', 'model']	neg	aff
An autobiography is a	book	-2.044239	Ġbook	['book', 'personal', 'collection', 'self', 'written']	aff	aff
An autobiography is a	chair	-16.19497	Ġchair	['book', 'personal', 'collection', 'self', 'written']	aff	neg
An autobiography is not a	chair	-13.908759	Ġchair	['biography', 'book', 'memoir', 'novel', 'diary']	neg	neg
An autobiography is not a	book	-2.4438019	Ġbook	['biography', 'book', 'memoir', 'novel', 'diary']	neg	aff
A wren is a	bird	-0.9371586	Ġbird	['bird', 'small', 'type', 'kind', 'song']	aff	aff
A wren is a	mammal	-7.2630234	Ġmamm	['bird', 'small', 'type', 'kind', 'song']	aff	neg
A wren is not a	mammal	-7.1288767	Ġmamm	['bird', 'w', 'dog', 'rabbit', 'bad']	neg	neg
A wren is not a	bird	-1.4451351	Ġbird	['bird', 'w', 'dog', 'rabbit', 'bad']	neg	aff
A spider is an	arachnid	-2.9781036	Ġar	['insect', 'animal', 'ar', 'interesting', 'amazing']	aff	aff
A spider is a	plant	-7.168679	Ġplant	['spider', 'small', 'very', 'web', 'bug']	aff	neg
A spider is not a	plant	-4.7748976	Ġplant	['spider', 'bug', 'fly', 'mouse', 'bird']	neg	neg
A spider is not an	arachnid	-4.5980043	Ġar	['insect', 'animal', 'ant', 'organism', 'oct']	neg	aff
A blouse is a	clothing	-5.5863295	Ġclothing	['piece', 'dress', '', 'fashion', 'shirt']	aff	aff
A blouse is a	jewelry	-8.713202	Ġjewelry	['piece', 'dress', '', 'fashion', 'shirt']	aff	neg
A blouse is not a	jewelry	-7.9158106	Ġjewelry	['blouse', 'dress', 'shirt', 'good', 'garment']	neg	neg
A blouse is not a	clothing	-6.185725	Ġclothing	['blouse', 'dress', 'shirt', 'good', 'garment']	neg	aff
A cape is a	clothing	-5.412898	Ġclothing	['piece', 'cape', 'type', 'garment', 'long']	aff	aff
A cape is a	drink	-12.400337	Ġdrink	['piece', 'cape', 'type', 'garment', 'long']	aff	neg
A cape is not a	drink	-10.383481	Ġdrink	['cape', 'real', 'true', 'dress', 'very']	neg	neg
A cape is not a	clothing	-6.947462	Ġclothing	['cape', 'real', 'true', 'dress', 'very']	neg	aff
A metro is a	train	-2.4767494	Ġtrain	['train', 'type', 'railway', 'large', 'small']	aff	aff
A metro is a	bus	-6.199189	Ġbus	['train', 'type', 'railway', 'large', 'small']	aff	neg
A metro is not a	bus	-6.3702974	Ġbus	['single', 'car', 'train', 'vehicle', 'new']	neg	neg
A metro is not a	train	-4.160569	Ġtrain	['single', 'car', 'train', 'vehicle', 'new']	neg	aff
A macaw is a	bird	-1.0528622	Ġbird	['bird', 'type', 'large', 'par', 'member']	aff	aff
A macaw is a	grain	-13.696894	Ġgrain	['bird', 'type', 'large', 'par', 'member']	aff	neg
A macaw is not a	grain	-9.73329	Ġgrain	['bird', 'par', 'chicken', 'real', 'chick']	neg	neg
A macaw is not a	bird	-0.9793167	Ġbird	['bird', 'par', 'chicken', 'real', 'chick']	neg	aff
An eel is a	fish	-1.6931629	Ġfish	['fish', 'type', 'small', 'kind', 'cold']	aff	aff
An eel is a	vegetable	-8.816961	Ġvegetable	['fish', 'type', 'small', 'kind', 'cold']	aff	neg
An eel is not a	vegetable	-5.6321125	Ġvegetable	['fish', 'bird', 'cat', 'frog', 'shark']	neg	neg
An eel is not a	fish	-1.2334042	Ġfish	['fish', 'bird', 'cat', 'frog', 'shark']	neg	aff
A pelican is a	bird	-1.2683258	Ġbird	['bird', 'type', 'fish', 'big', 'bigger']	aff	aff
A pelican is a	bacterium	-11.363934	ĠB	['bird', 'type', 'fish', 'big', 'bigger']	aff	neg
A pelican is not a	bacterium	-10.82737	ĠB	['bird', 'duck', 'fish', 'chicken', 'hawk']	neg	neg
A pelican is not a	bird	-1.5610275	Ġbird	['bird', 'duck', 'fish', 'chicken', 'hawk']	neg	aff
A bunny is an	animal	-0.16284561	Ġanimal	['animal', 'adorable', 'organism', 'insect', 'example']	aff	aff
A bunny is a	fungus	-9.841381	ĠF	['small', 'type', 'rabbit', 'cute', 'creature']	aff	neg
A bunny is not a	fungus	-8.956025	Ġfungus	['rabbit', 'bunny', 'cat', 'dog', 'bird']	neg	neg
A bunny is not an	animal	-0.59060097	Ġanimal	['animal', 'ant', 'insect', 'elephant', 'alien']	neg	aff
A spaceship is a	vehicle	-4.388544	Ġvehicle	['spaceship', 'spacecraft', 'moving', 'space', 'rocket']	aff	aff
A spaceship is a	toy	-5.9426394	Ġtoy	['spaceship', 'spacecraft', 'moving', 'space', 'rocket']	aff	neg
A spaceship is not a	toy	-5.1866198	Ġtoy	['spaceship', 'ship', 'perfect', 'good', 'rocket']	neg	neg
A spaceship is not a	vehicle	-4.920126	Ġvehicle	['spaceship', 'ship', 'perfect', 'good', 'rocket']	neg	aff
A toucan is a	bird	-0.8353443	Ġbird	['bird', 'type', 'small', 'large', 'very']	aff	aff
A toucan is a	fruit	-4.368328	Ġfruit	['bird', 'type', 'small', 'large', 'very']	aff	neg
A toucan is not a	fruit	-5.2503595	Ġfruit	['bird', 'par', 'tou', '____', 'tree']	neg	neg
A toucan is not a	bird	-1.1060257	Ġbird	['bird', 'par', 'tou', '____', 'tree']	neg	aff
A koi is a	fish	-2.0120773	Ġfish	['type', 'fish', 'small', 'beautiful', 'gold']	aff	aff
A koi is a	plant	-6.0569754	Ġplant	['type', 'fish', 'small', 'beautiful', 'gold']	aff	neg
A koi is not a	plant	-5.1220207	Ġplant	['fish', 'k', 'real', 'dog', 'true']	neg	neg
A koi is not a	fish	-2.1552887	Ġfish	['fish', 'k', 'real', 'dog', 'true']	neg	aff
A brush is a	tool	-1.6203499	Ġtool	['tool', 'device', 'small', 'type', 'piece']	aff	aff
A brush is a	toy	-7.399933	Ġtoy	['tool', 'device', 'small', 'type', 'piece']	aff	neg
A brush is not a	toy	-4.955147	Ġtoy	['tool', 'part', 'brush', 'single', 'good']	neg	neg
A brush is not a	tool	-2.255022	Ġtool	['tool', 'part', 'brush', 'single', 'good']	neg	aff
A wheelbarrow is a	vehicle	-3.2185154	Ġvehicle	['tool', 'vehicle', 'type', 'simple', 'common']	aff	aff
A wheelbarrow is a	flower	-10.909097	Ġflower	['tool', 'vehicle', 'type', 'simple', 'common']	aff	neg
A wheelbarrow is not a	flower	-8.748991	Ġflower	['tool', 'vehicle', 'good', 'very', 'suitable']	neg	neg
A wheelbarrow is not a	vehicle	-3.3420906	Ġvehicle	['tool', 'vehicle', 'good', 'very', 'suitable']	neg	aff
A unicycle is a	vehicle	-4.2694263	Ġvehicle	['two', 'bicycle', 'simple', 'type', 'single']	aff	aff
A unicycle is a	flower	-10.007845	Ġflower	['two', 'bicycle', 'simple', 'type', 'single']	aff	neg
A unicycle is not a	flower	-9.480913	Ġflower	['bicycle', 'vehicle', 'car', 'bike', 'real']	neg	neg
A unicycle is not a	vehicle	-3.308607	Ġvehicle	['bicycle', 'vehicle', 'car', 'bike', 'real']	neg	aff
A bike is a	machine	-3.091938	Ġmachine	['vehicle', 'two', 'machine', '', 'type']	aff	aff
A bike is a	flower	-10.746167	Ġflower	['vehicle', 'two', 'machine', '', 'type']	aff	neg
A bike is not a	flower	-8.260408	Ġflower	['car', 'vehicle', 'bicycle', 'bike', 'toy']	neg	neg
A bike is not a	machine	-3.3333817	Ġmachine	['car', 'vehicle', 'bicycle', 'bike', 'toy']	neg	aff
A skateboard is a	vehicle	-3.9649591	Ġvehicle	['piece', 'popular', 'common', 'great', 'type']	aff	aff
A skateboard is a	flower	-12.642775	Ġflower	['piece', 'popular', 'common', 'great', 'type']	aff	neg
A skateboard is not a	flower	-9.386325	Ġflower	['good', 'skateboard', 'bicycle', 'toy', 'vehicle']	neg	neg
A skateboard is not a	vehicle	-3.8551521	Ġvehicle	['good', 'skateboard', 'bicycle', 'toy', 'vehicle']	neg	aff
A stroller is a	vehicle	-3.862853	Ġvehicle	['small', 'portable', 'child', 'piece', 'simple']	aff	aff
A stroller is a	flower	-12.637491	Ġflower	['small', 'portable', 'child', 'piece', 'simple']	aff	neg
A stroller is not a	flower	-9.730146	Ġflower	['toy', 'car', 'child', 'st', 'baby']	neg	neg
A stroller is not a	vehicle	-3.640069	Ġvehicle	['toy', 'car', 'child', 'st', 'baby']	neg	aff
A wagon is a	vehicle	-3.1332407	Ġvehicle	['vehicle', 'large', '', 'box', 'piece']	aff	aff
A wagon is a	flower	-10.891921	Ġflower	['vehicle', 'large', '', 'box', 'piece']	aff	neg
A wagon is not a	flower	-9.473061	Ġflower	['good', 'wagon', 'vehicle', 'car', 'box']	neg	neg
A wagon is not a	vehicle	-3.4523563	Ġvehicle	['good', 'wagon', 'vehicle', 'car', 'box']	neg	aff
A corporation is a	business	-1.8818855	Ġbusiness	['company', 'business', 'legal', 'corporation', 'group']	aff	aff
A corporation is a	toy	-13.935631	Ġtoy	['company', 'business', 'legal', 'corporation', 'group']	aff	neg
A corporation is not a	toy	-9.158206	Ġtoy	['company', 'person', 'business', 'corporation', 'government']	neg	neg
A corporation is not a	business	-2.8008823	Ġbusiness	['company', 'person', 'business', 'corporation', 'government']	neg	aff
A camera is a	device	-1.4302807	Ġdevice	['device', 'tool', 'special', 'machine', 'camera']	aff	aff
A camera is a	plant	-10.862258	Ġplant	['device', 'tool', 'special', 'machine', 'camera']	aff	neg
A camera is not a	plant	-9.067625	Ġplant	['perfect', 'point', 'mirror', 'black', 'good']	neg	neg
A camera is not a	device	-4.34459	Ġdevice	['perfect', 'point', 'mirror', 'black', 'good']	neg	aff
A chainsaw is a	tool	-2.0741787	Ġtool	['tool', 'type', 'machine', 'very', 'power']	aff	aff
A chainsaw is a	toy	-8.847205	Ġtoy	['tool', 'type', 'machine', 'very', 'power']	aff	neg
A chainsaw is not a	toy	-4.2987213	Ġtoy	['tool', 'machine', 'saw', 'hammer', 'weapon']	neg	neg
A chainsaw is not a	tool	-1.986001	Ġtool	['tool', 'machine', 'saw', 'hammer', 'weapon']	neg	aff
A bobcat is a	carnivore	-2.4058285	Ġcarniv	['carniv', 'small', 'large', 'cat', 'wild']	aff	aff
A bobcat is a	plant	-8.221022	Ġplant	['carniv', 'small', 'large', 'cat', 'wild']	aff	neg
A bobcat is not a	plant	-6.0819674	Ġplant	['cat', 'dog', 'rabbit', 'bad', 'good']	neg	neg
A bobcat is not a	carnivore	-5.1282387	Ġcarniv	['cat', 'dog', 'rabbit', 'bad', 'good']	neg	aff
A tractor is a	machine	-1.9566517	Ġmachine	['machine', 'large', 'vehicle', 'type', 'piece']	aff	aff
A tractor is an	animal	-4.3373127	Ġanimal	['agricultural', 'industrial', 'important', 'engine', 'automobile']	aff	neg
A tractor is not an	animal	-3.6296597	Ġanimal	['object', 'engine', 'automobile', 'animal', 'electric']	neg	neg
A tractor is not a	machine	-3.1501045	Ġmachine	['vehicle', 'machine', 'good', 'car', 'tool']	neg	aff
A camel is a	mammals	-8.23237	ĠM	['camel', 'large', 'very', 'type', 'big']	aff	aff
A camel is a	reptile	-6.3311405	Ġrept	['camel', 'large', 'very', 'type', 'big']	aff	neg
A camel is not a	reptile	-6.880227	Ġrept	['camel', 'horse', 'person', 'dog', 'man']	neg	neg
A camel is not a	mammals	-8.057456	ĠM	['camel', 'horse', 'person', 'dog', 'man']	neg	aff
An apartment is a	house	-4.9894075	Ġhouse	['room', 'place', '', 'type', 'building']	aff	aff
An apartment is a	plant	-11.058517	Ġplant	['room', 'place', '', 'type', 'building']	aff	neg
An apartment is not a	plant	-8.817763	Ġplant	['house', 'place', 'good', 'room', 'luxury']	neg	neg
An apartment is not a	house	-2.5666008	Ġhouse	['house', 'place', 'good', 'room', 'luxury']	neg	aff
